vue 1
transform "crago" -0.0299 0.003 0.9995 -0.9944 -0.1014 -0.0295 0.1013 -0.9948 0.0061 -158.4134 -81.4752 -91.499
transform "crago" -0.0301 0.0033 0.9995 -0.9787 -0.2033 -0.0288 0.2031 -0.9791 0.0093 -159.2948 -81.425 -82.0532
transform "crago" -0.0303 0.0035 0.9995 -0.9538 -0.2992 -0.0279 0.299 -0.9542 0.0124 -160.1719 -81.3248 -73.0346
transform "crago" -0.0307 0.0035 0.9995 -0.9213 -0.388 -0.0269 0.3877 -0.9217 0.0152 -161.0444 -81.1713 -64.4697
transform "crago" -0.0311 0.0035 0.9995 -0.8829 -0.4689 -0.0259 0.4685 -0.8833 0.0176 -161.9118 -80.9614 -56.3853
transform "crago" -0.0316 0.0032 0.9995 -0.8405 -0.5413 -0.0249 0.541 -0.8408 0.0199 -162.7741 -80.692 -48.8081
transform "crago" -0.0322 0.0029 0.9995 -0.7958 -0.6051 -0.0239 0.6047 -0.7961 0.0218 -163.631 -80.3599 -41.7647
transform "crago" -0.0328 0.0024 0.9995 -0.7507 -0.6603 -0.0231 0.6599 -0.751 0.0235 -164.482 -79.9621 -35.2819
transform "crago" -0.0335 0.0017 0.9994 -0.7068 -0.7071 -0.0225 0.7066 -0.7072 0.0249 -165.327 -79.4953 -29.3863
transform "crago" -0.0342 0.0009 0.9994 -0.6657 -0.7459 -0.0221 0.7454 -0.6661 0.0261 -166.1658 -78.9565 -24.1046
transform "crago" -0.0349 0 0.9994 -0.6289 -0.7771 -0.022 0.7767 -0.6293 0.0271 -166.9979 -78.3424 -19.4636
transform "crago" -0.0352 0 0.9994 -0.5954 -0.8032 -0.021 0.8027 -0.5957 0.0282 -167.8236 -77.6627 -15.313
transform "crago" -0.0346 0.0018 0.9994 -0.5633 -0.8261 -0.0181 0.8255 -0.5636 0.0296 -168.6432 -76.9306 -11.4772
transform "crago" -0.0335 0.0053 0.9994 -0.5329 -0.8461 -0.0134 0.8455 -0.533 0.0311 -169.4571 -76.1487 -7.9447
transform "crago" -0.0319 0.0104 0.9994 -0.5042 -0.8636 -0.0071 0.863 -0.5041 0.0327 -170.2658 -75.3196 -4.704
transform "crago" -0.0299 0.0169 0.9994 -0.4774 -0.8787 0.0006 0.8782 -0.4771 0.0343 -171.0694 -74.4459 -1.7439
transform "crago" -0.0276 0.0248 0.9993 -0.4525 -0.8917 0.0096 0.8914 -0.4519 0.0358 -171.8684 -73.5301 0.9472
transform "crago" -0.0251 0.0338 0.9991 -0.4294 -0.9029 0.0197 0.9027 -0.4286 0.0372 -172.6631 -72.575 3.3807
transform "crago" -0.0226 0.0438 0.9988 -0.4083 -0.9123 0.0308 0.9126 -0.4071 0.0384 -173.4538 -71.583 5.568
transform "crago" -0.0199 0.0546 0.9983 -0.3891 -0.9202 0.0426 0.921 -0.3876 0.0396 -174.241 -70.5568 7.5206
transform "crago" -0.0172 0.0661 0.9977 -0.3716 -0.9267 0.055 0.9282 -0.3698 0.0405 -175.0248 -69.4989 9.2498
transform "crago" -0.0145 0.0781 0.9968 -0.356 -0.932 0.0678 0.9344 -0.3539 0.0413 -175.8058 -68.412 10.7672
transform "crago" -0.0118 0.0904 0.9958 -0.3421 -0.9362 0.081 0.9396 -0.3397 0.042 -176.5841 -67.2986 12.0841
transform "crago" -0.0092 0.1029 0.9946 -0.3298 -0.9393 0.0942 0.944 -0.3272 0.0426 -177.3602 -66.1614 13.212
transform "crago" -0.0067 0.1155 0.9933 -0.3191 -0.9416 0.1073 0.9477 -0.3163 0.0431 -178.1344 -65.003 14.1623
transform "crago" -0.0042 0.1278 0.9918 -0.3099 -0.9431 0.1202 0.9508 -0.3068 0.0436 -178.907 -63.8258 14.9464
transform "crago" -0.0018 0.1398 0.9902 -0.3021 -0.944 0.1327 0.9533 -0.2989 0.044 -179.6785 -62.6326 15.5759
transform "crago" 0.0004 0.1514 0.9885 -0.2956 -0.9443 0.1447 0.9553 -0.2922 0.0444 -180.4491 -61.4259 16.062
transform "crago" 0.0025 0.1623 0.9867 -0.2903 -0.9441 0.156 0.9569 -0.2868 0.0447 -181.2191 -60.2084 16.4162
transform "crago" 0.0044 0.1724 0.985 -0.2861 -0.9436 0.1664 0.9582 -0.2825 0.0451 -181.9889 -58.9825 16.65
transform "crago" 0.0062 0.1815 0.9834 -0.283 -0.9429 0.1758 0.9591 -0.2793 0.0455 -182.759 -57.751 16.7748
transform "crago" 0.0077 0.1896 0.9818 -0.2808 -0.942 0.1841 0.9597 -0.2771 0.046 -183.5295 -56.5163 16.802
transform "crago" 0.009 0.1964 0.9805 -0.2794 -0.941 0.191 0.9601 -0.2757 0.0464 -184.3009 -55.2812 16.7431
transform "crago" 0.0099 0.2018 0.9794 -0.2788 -0.94 0.1965 0.9603 -0.275 0.0469 -185.0734 -54.0481 16.6094
transform "crago" 0.0105 0.2056 0.9786 -0.2788 -0.9392 0.2003 0.9603 -0.2749 0.0474 -185.8475 -52.8198 16.4125
transform "crago" 0.0108 0.2077 0.9781 -0.2794 -0.9386 0.2024 0.9601 -0.2754 0.0479 -186.6235 -51.5987 16.1637
transform "crago" 0.0105 0.208 0.9781 -0.2804 -0.9383 0.2026 0.9598 -0.2764 0.0484 -187.4017 -50.3875 15.8745
transform "crago" 0.0098 0.2063 0.9784 -0.2817 -0.9383 0.2007 0.9594 -0.2776 0.0489 -188.1824 -49.1887 15.5563
transform "crago" 0.0086 0.2024 0.9793 -0.2833 -0.9387 0.1965 0.959 -0.2791 0.0493 -188.9661 -48.005 15.2206
transform "crago" 0.0067 0.1963 0.9805 -0.285 -0.9395 0.19 0.9585 -0.2807 0.0497 -189.753 -46.839 14.8787
transform "crago" 0.0041 0.1876 0.9822 -0.2867 -0.9408 0.1809 0.958 -0.2823 0.0499 -190.5435 -45.6932 14.5421
transform "crago" 0.0008 0.1763 0.9843 -0.2882 -0.9425 0.1691 0.9576 -0.2838 0.05 -191.338 -44.5703 14.2222
transform "crago" -0.0032 0.1623 0.9867 -0.2895 -0.9446 0.1544 0.9572 -0.2852 0.05 -192.1367 -43.4728 13.9305
transform "crago" -0.0081 0.1452 0.9894 -0.2904 -0.9471 0.1366 0.9569 -0.2862 0.0499 -192.94 -42.4033 13.6784
transform "crago" -0.0139 0.125 0.9921 -0.2907 -0.9498 0.1156 0.9567 -0.2868 0.0496 -193.7483 -41.3645 13.4773
transform "crago" -0.0206 0.1015 0.9946 -0.2904 -0.9526 0.0912 0.9567 -0.2869 0.0491 -194.5619 -40.3589 13.3387
transform "crago" -0.0282 0.0746 0.9968 -0.2891 -0.9552 0.0633 0.9569 -0.2864 0.0485 -195.3812 -39.3891 13.274
transform "crago" -0.0367 0.0439 0.9984 -0.2868 -0.9575 0.0316 0.9573 -0.2851 0.0477 -196.2065 -38.4577 13.2946
transform "crago" -0.0461 0.0094 0.9989 -0.2831 -0.9591 -0.004 0.958 -0.283 0.0469 -197.0381 -37.5673 13.4119
transform "crago" -0.0563 -0.029 0.998 -0.278 -0.9596 -0.0436 0.9589 -0.2799 0.046 -197.8763 -36.7206 13.6374
transform "crago" -0.0674 -0.0715 0.9952 -0.2712 -0.9586 -0.0872 0.9602 -0.2758 0.0452 -198.7216 -35.92 13.9825
transform "crago" -0.0682 -0.0747 0.9949 -0.2707 -0.9584 -0.0905 0.9603 -0.2755 0.0451 -199.5896 -35.1623 14.3415
transform "crago" -0.0707 -0.0846 0.9939 -0.269 -0.9579 -0.1007 0.9605 -0.2745 0.0449 -200.493 -34.4418 14.605
transform "crago" -0.075 -0.1019 0.992 -0.2661 -0.9566 -0.1184 0.961 -0.2728 0.0447 -201.4284 -33.7576 14.7793
transform "crago" -0.0815 -0.1279 0.9884 -0.2618 -0.9542 -0.1451 0.9617 -0.2706 0.0443 -202.3922 -33.1085 14.8706
transform "crago" -0.0904 -0.1642 0.9823 -0.2559 -0.9494 -0.1822 0.9625 -0.2679 0.0438 -203.3808 -32.4937 14.8851
transform "crago" -0.102 -0.2126 0.9718 -0.2481 -0.9406 -0.2318 0.9634 -0.2647 0.0432 -204.3907 -31.9122 14.8291
transform "crago" -0.1166 -0.2748 0.9544 -0.2378 -0.9253 -0.2955 0.9643 -0.2614 0.0425 -205.4181 -31.3629 14.7087
transform "crago" -0.1342 -0.3522 0.9262 -0.2243 -0.8996 -0.3746 0.9652 -0.2581 0.0417 -206.4597 -30.8449 14.5302
transform "crago" -0.1548 -0.4451 0.882 -0.2067 -0.8584 -0.4695 0.9661 -0.255 0.0408 -207.5117 -30.3571 14.2998
transform "crago" -0.1776 -0.5518 0.8149 -0.1839 -0.7949 -0.5783 0.9668 -0.2525 0.0397 -208.5706 -29.8987 14.0237
transform "crago" -0.2013 -0.6674 0.717 -0.1544 -0.7012 -0.696 0.9673 -0.2508 0.0381 -209.6328 -29.4686 13.7081
transform "crago" -0.2238 -0.7829 0.5805 -0.1171 -0.5697 -0.8135 0.9676 -0.25 0.0358 -210.6947 -29.0659 13.3593
transform "crago" -0.2418 -0.8842 0.3995 -0.0715 -0.3944 -0.9161 0.9677 -0.2501 0.0322 -211.7527 -28.6894 12.9835
transform "crago" -0.2514 -0.9521 0.1738 -0.0178 -0.175 -0.9844 0.9677 -0.2506 0.0271 -212.8034 -28.3384 12.5868
transform "crago" -0.2488 -0.966 -0.0701 0.0376 0.0627 -0.9973 0.9678 -0.2508 0.0207 -213.843 -28.0117 12.1756
transform "crago" -0.2347 -0.9257 -0.2967 0.0873 0.284 -0.9549 0.9681 -0.25 0.0142 -214.868 -27.7083 11.7559
transform "crago" -0.2121 -0.8439 -0.4928 0.1291 0.4756 -0.8701 0.9687 -0.2482 0.0081 -215.8748 -27.4274 11.3341
transform "crago" -0.1842 -0.7357 -0.6518 0.1622 0.6313 -0.7584 0.9694 -0.2455 0.003 -216.8599 -27.1679 10.9164
transform "crago" -0.1541 -0.615 -0.7733 0.1868 0.7504 -0.634 0.9702 -0.2422 -0.0007 -217.8196 -26.9288 10.5089
transform "crago" -0.124 -0.4932 -0.861 0.204 0.8365 -0.5086 0.9711 -0.2387 -0.0031 -218.7504 -26.7092 10.118
transform "crago" -0.0958 -0.3786 -0.9206 0.2151 0.8951 -0.3905 0.9719 -0.2354 -0.0043 -219.6487 -26.508 9.7497
transform "crago" -0.0705 -0.2763 -0.9585 0.2215 0.9325 -0.2851 0.9726 -0.2325 -0.0046 -220.5108 -26.3242 9.4104
transform "crago" -0.0488 -0.189 -0.9808 0.2248 0.9547 -0.1952 0.9732 -0.23 -0.0041 -221.3334 -26.1569 9.1062
transform "crago" -0.031 -0.118 -0.9925 0.2259 0.9665 -0.122 0.9736 -0.228 -0.0033 -222.1126 -26.0052 8.8433
transform "crago" -0.0172 -0.0634 -0.9978 0.2259 0.9719 -0.0657 0.974 -0.2266 -0.0024 -222.845 -25.8679 8.6281
transform "crago" -0.0074 -0.025 -0.9997 0.2255 0.9739 -0.026 0.9742 -0.2256 -0.0016 -223.527 -25.7441 8.4667
transform "crago" -0.0015 -0.0021 -1 0.225 0.9743 -0.0024 0.9743 -0.225 -0.001 -224.1549 -25.6329 8.3652
transform "crago" 0.0004 0.0055 -1 0.2249 0.9744 0.0054 0.9744 -0.2249 -0.0008 -224.7253 -25.5332 8.33
transform "crago" 0.0004 0.0055 -1 0.2249 0.9744 0.0054 0.9744 -0.2249 -0.0008 -225.5229 -25.3941 8.33
transform "crago" 0.0004 0.0055 -1 0.2249 0.9744 0.0054 0.9744 -0.2249 -0.0008 -226.4628 -25.2301 8.33
transform "crago" 0.0004 0.0055 -1 0.2249 0.9744 0.0054 0.9744 -0.2249 -0.0008 -227.5273 -25.0445 8.33
transform "crago" 0.0004 0.0055 -1 0.2249 0.9744 0.0054 0.9744 -0.2249 -0.0008 -228.6985 -24.8402 8.33
transform "crago" 0.0004 0.0055 -1 0.2249 0.9744 0.0054 0.9744 -0.2249 -0.0008 -229.9587 -24.6204 8.33
transform "crago" 0.0004 0.0055 -1 0.2249 0.9744 0.0054 0.9744 -0.2249 -0.0008 -231.29 -24.3882 8.33
transform "crago" 0.0004 0.0055 -1 0.2249 0.9744 0.0054 0.9744 -0.2249 -0.0008 -232.5577 -24.1671 8.33
transform "crago" 0.0004 0.0055 -1 0.2249 0.9744 0.0054 0.9744 -0.2249 -0.0008 -233.6187 -23.982 8.33
transform "crago" 0.0004 0.0055 -1 0.2249 0.9744 0.0054 0.9744 -0.2249 -0.0008 -234.4535 -23.8364 8.33
transform "crago" 0.0004 0.0055 -1 0.2249 0.9744 0.0054 0.9744 -0.2249 -0.0008 -235.0528 -23.7319 8.33
transform "crago" 0.0004 0.0055 -1 0.2249 0.9744 0.0054 0.9744 -0.2249 -0.0008 -235.4129 -23.669 8.33
transform "crago" 0.0004 0.0055 -1 0.2249 0.9744 0.0054 0.9744 -0.2249 -0.0008 -235.533 -23.6481 8.33
transform "crago" 0.0004 0.0055 -1 0.2249 0.9744 0.0054 0.9744 -0.2249 -0.0008 -235.533 -23.6481 8.33
transform "crago" 0.0004 0.0055 -1 0.2249 0.9744 0.0054 0.9744 -0.2249 -0.0008 -235.533 -23.6481 8.33
transform "crago" 0.0004 0.0055 -1 0.2249 0.9744 0.0054 0.9744 -0.2249 -0.0008 -235.533 -23.6481 8.33
transform "crago" 0.0004 0.0055 -1 0.2249 0.9744 0.0054 0.9744 -0.2249 -0.0008 -235.533 -23.6481 8.33
transform "crago" 0.0004 0.0055 -1 0.2249 0.9744 0.0054 0.9744 -0.2249 -0.0008 -235.533 -23.6481 8.33
transform "crago" 0.0004 0.0055 -1 0.2249 0.9744 0.0054 0.9744 -0.2249 -0.0008 -235.533 -23.6481 8.33
transform "crago" 0.0004 0.0055 -1 0.2249 0.9744 0.0054 0.9744 -0.2249 -0.0008 -235.533 -23.6481 8.33
transform "crago" 0.0004 0.0055 -1 0.2249 0.9744 0.0054 0.9744 -0.2249 -0.0008 -235.533 -23.6481 8.33
transform "crago" 0.0004 0.0055 -1 0.2249 0.9744 0.0054 0.9744 -0.2249 -0.0008 -235.533 -23.6481 8.33
transform "crago" 0.0004 0.0055 -1 0.2249 0.9744 0.0054 0.9744 -0.2249 -0.0008 -235.533 -23.6481 8.33
transform "crago" 0.0004 0.0055 -1 0.2249 0.9744 0.0054 0.9744 -0.2249 -0.0008 -235.533 -23.6481 8.33
transform "crago" 0.0004 0.0055 -1 0.2249 0.9744 0.0054 0.9744 -0.2249 -0.0008 -235.533 -23.6481 8.33
transform "crago" 0.0004 0.0055 -1 0.2249 0.9744 0.0054 0.9744 -0.2249 -0.0008 -235.533 -23.6481 8.33
transform "crago" 0.0004 0.0055 -1 0.2249 0.9744 0.0054 0.9744 -0.2249 -0.0008 -235.533 -23.6481 8.33
transform "crago" 0.0004 0.0055 -1 0.2249 0.9744 0.0054 0.9744 -0.2249 -0.0008 -235.533 -23.6481 8.33
transform "crago" 0.0004 0.0055 -1 0.2249 0.9744 0.0054 0.9744 -0.2249 -0.0008 -235.533 -23.6481 8.33
transform "crago" 0.0004 0.0055 -1 0.2249 0.9744 0.0054 0.9744 -0.2249 -0.0008 -235.533 -23.6481 8.33
transform "crago" 0.0004 0.0055 -1 0.2249 0.9744 0.0054 0.9744 -0.2249 -0.0008 -235.533 -23.6481 8.33
vue 2
transform "crago" 0.0004 0.0055 -1 0.2249 0.9744 0.0054 0.9744 -0.2249 -0.0008 -235.533 -23.6481 8.33
transform "crago" 0.0004 0.0055 -1 0.2249 0.9744 0.0054 0.9744 -0.2249 -0.0008 -235.533 -23.6481 8.33
transform "crago" 0.0004 0.0055 -1 0.2249 0.9744 0.0054 0.9744 -0.2249 -0.0008 -235.533 -23.6481 8.33
transform "crago" 0.0004 0.0055 -1 0.2249 0.9744 0.0054 0.9744 -0.2249 -0.0008 -235.533 -23.6481 8.33
transform "crago" 0.0034 0.0039 -1 0.2242 0.9745 0.0046 0.9745 -0.2242 0.0025 -235.3088 -23.6989 8.33
transform "crago" 0.0125 -0.0008 -0.9999 0.2223 0.975 0.002 0.9749 -0.2223 0.0123 -234.6361 -23.8512 8.33
transform "crago" 0.0276 -0.0088 -0.9996 0.2191 0.9757 -0.0025 0.9753 -0.219 0.0289 -233.515 -24.105 8.33
transform "crago" 0.0491 -0.02 -0.9986 0.2147 0.9766 -0.009 0.9755 -0.2139 0.0523 -231.9454 -24.4604 8.33
transform "crago" 0.0771 -0.0348 -0.9964 0.2089 0.9778 -0.018 0.9749 -0.2068 0.0826 -229.9274 -24.9173 8.33
transform "crago" 0.1118 -0.0531 -0.9923 0.2019 0.979 -0.0296 0.973 -0.1971 0.1202 -227.4609 -25.4757 8.33
transform "crago" 0.1534 -0.075 -0.9853 0.1938 0.98 -0.0444 0.969 -0.1842 0.1649 -224.5459 -26.1357 8.33
transform "crago" 0.202 -0.1005 -0.9742 0.1849 0.9808 -0.0628 0.9618 -0.1674 0.2167 -221.1825 -26.8972 8.33
transform "crago" 0.2577 -0.1292 -0.9576 0.1754 0.9808 -0.0852 0.9502 -0.146 0.2754 -217.4215 -27.7488 8.33
transform "crago" 0.32 -0.1607 -0.9337 0.1658 0.9798 -0.1118 0.9328 -0.1191 0.3402 -213.9236 -28.5408 8.33
transform "crago" 0.3885 -0.1941 -0.9008 0.157 0.9772 -0.1429 0.908 -0.0859 0.4102 -210.892 -29.2271 8.33
transform "crago" 0.4621 -0.2283 -0.8569 0.1497 0.9725 -0.1783 0.8741 -0.0458 0.4836 -208.3269 -29.8079 8.33
transform "crago" 0.5392 -0.2616 -0.8006 0.1449 0.9652 -0.2178 0.8297 0.0014 0.5583 -206.2281 -30.2831 8.33
transform "crago" 0.6168 -0.2919 -0.731 0.1437 0.9548 -0.26 0.7739 0.0553 0.6309 -204.5958 -30.6527 8.33
transform "crago" 0.6888 -0.3161 -0.6524 0.1468 0.9421 -0.3015 0.71 0.1119 0.6953 -203.4298 -30.9167 8.33
transform "crago" 0.753 -0.3335 -0.5673 0.154 0.9275 -0.3407 0.6398 0.1692 0.7497 -202.7302 -31.0751 8.33
transform "crago" 0.8086 -0.3437 -0.4775 0.1651 0.9115 -0.3767 0.5648 0.2258 0.7938 -202.497 -31.1279 8.33
transform "crago" 0.855 -0.3472 -0.3852 0.1794 0.895 -0.4085 0.4866 0.2802 0.8275 -202.497 -31.1279 8.33
transform "crago" 0.8921 -0.3443 -0.2926 0.1962 0.8785 -0.4356 0.407 0.3311 0.8513 -202.497 -31.1279 8.33
transform "crago" 0.92 -0.3359 -0.2017 0.2148 0.8629 -0.4574 0.3277 0.3775 0.8661 -202.497 -31.1279 8.33
transform "crago" 0.9395 -0.323 -0.1144 0.2342 0.8489 -0.4738 0.2501 0.4183 0.8732 -202.497 -31.1279 8.33
transform "crago" 0.9512 -0.3068 -0.0323 0.2535 0.8371 -0.4847 0.1757 0.4529 0.8741 -202.497 -31.1279 8.33
transform "crago" 0.9565 -0.2885 0.0431 0.2718 0.8281 -0.4902 0.1057 0.4806 0.8705 -202.497 -31.1279 8.33
transform "crago" 0.9567 -0.2694 0.1106 0.2883 0.8224 -0.4905 0.0411 0.5012 0.8644 -202.497 -31.1279 8.33
transform "crago" 0.9531 -0.2506 0.1695 0.3021 0.8201 -0.486 -0.0172 0.5144 0.8574 -202.497 -31.1279 8.33
transform "crago" 0.9474 -0.2334 0.2188 0.3125 0.8215 -0.477 -0.0684 0.5203 0.8513 -202.497 -31.1279 8.33
transform "crago" 0.9411 -0.2186 0.258 0.3191 0.8266 -0.4636 -0.1119 0.5187 0.8476 -202.497 -31.1279 8.33
transform "crago" 0.9408 -0.2181 0.2594 0.3193 0.8268 -0.463 -0.1135 0.5185 0.8475 -202.3218 -31.2166 8.3692
transform "crago" 0.9401 -0.2165 0.2633 0.3198 0.8277 -0.4611 -0.1181 0.5177 0.8474 -201.8055 -31.4766 8.4727
transform "crago" 0.939 -0.2139 0.2694 0.3202 0.8295 -0.4575 -0.1257 0.5159 0.8474 -200.9731 -31.8907 8.6029
transform "crago" 0.9375 -0.2103 0.2772 0.3204 0.8325 -0.452 -0.1357 0.5126 0.8479 -199.8574 -32.4368 8.7108
transform "crago" 0.9359 -0.2058 0.2858 0.3196 0.8371 -0.4439 -0.1479 0.5068 0.8493 -198.4853 -33.0964 8.7558
transform "crago" 0.9345 -0.2005 0.2942 0.3173 0.8439 -0.4326 -0.1615 0.4976 0.8522 -196.8592 -33.868 8.7341
transform "crago" 0.9334 -0.1947 0.3014 0.3127 0.8532 -0.4174 -0.1759 0.4839 0.8573 -195.0833 -34.711 8.7136
transform "crago" 0.9332 -0.1884 0.3062 0.3051 0.8655 -0.3974 -0.1901 0.4642 0.8651 -193.2299 -35.6068 8.8095
transform "crago" 0.9341 -0.1818 0.3074 0.2937 0.8807 -0.3716 -0.2032 0.4373 0.876 -191.2215 -36.608 9.1382
transform "crago" 0.9365 -0.1749 0.3038 0.2779 0.8988 -0.3391 -0.2138 0.402 0.8903 -188.9805 -37.7673 9.8161
transform "crago" 0.9408 -0.1676 0.2945 0.2573 0.919 -0.2988 -0.2206 0.3569 0.9077 -186.4295 -39.1374 10.9596
transform "crago" 0.9471 -0.1597 0.2785 0.2319 0.9401 -0.2498 -0.2219 0.3011 0.9274 -183.491 -40.771 12.6851
transform "crago" 0.9551 -0.1505 0.2554 0.2026 0.9603 -0.1918 -0.2164 0.2349 0.9476 -180.9357 -42.1651 14.6272
transform "crago" 0.9637 -0.1402 0.227 0.1724 0.9766 -0.1286 -0.2037 0.1631 0.9654 -178.0509 -43.6668 17.2647
transform "crago" 0.9724 -0.1286 0.1948 0.143 0.9878 -0.0619 -0.1844 0.0881 0.9789 -174.9019 -45.2665 20.4393
transform "crago" 0.9804 -0.1154 0.1599 0.1158 0.9932 0.0069 -0.1596 0.0118 0.9871 -171.5542 -46.9546 23.9926
transform "crago" 0.9872 -0.101 0.1236 0.0921 0.9928 0.0762 -0.1304 -0.0639 0.9894 -168.0732 -48.7217 27.766
transform "crago" 0.9925 -0.0859 0.087 0.0727 0.9868 0.1444 -0.0982 -0.137 0.9857 -164.5244 -50.5583 31.6012
transform "crago" 0.9962 -0.0706 0.0513 0.0584 0.976 0.2096 -0.0649 -0.2058 0.9764 -160.9732 -52.4547 35.3397
transform "crago" 0.9983 -0.0563 0.0174 0.0495 0.9615 0.2702 -0.032 -0.2689 0.9626 -157.4852 -54.4015 38.823
transform "crago" 0.9989 -0.0439 -0.0136 0.046 0.9447 0.3248 -0.0014 -0.325 0.9457 -154.1256 -56.3891 41.8927
transform "crago" 0.9985 -0.0349 -0.0411 0.0477 0.9271 0.3719 0.0251 -0.3733 0.9274 -150.96 -58.408 44.3904
transform "crago" 0.9975 -0.0305 -0.0643 0.0543 0.9103 0.4104 0.046 -0.4129 0.9096 -148.0538 -60.4487 46.1577
transform "crago" 0.9961 -0.032 -0.0825 0.0652 0.8959 0.4395 0.0598 -0.4432 0.8944 -145.4725 -62.5017 47.0359
transform "crago" 0.9947 -0.0408 -0.0948 0.0799 0.8852 0.4583 0.0652 -0.4635 0.8837 -143.2816 -64.5573 46.8669
transform "crago" 0.9931 -0.057 -0.1023 0.0984 0.8798 0.465 0.0635 -0.4719 0.8794 -141.3489 -66.6706 45.9518
transform "crago" 0.9901 -0.0857 -0.1109 0.1279 0.876 0.4651 0.0573 -0.4747 0.8783 -139.4978 -68.892 44.7101
transform "crago" 0.9849 -0.1249 -0.1201 0.1666 0.8727 0.4589 0.0475 -0.4719 0.8804 -137.7267 -71.2048 43.1609
transform "crago" 0.9764 -0.1729 -0.1291 0.213 0.869 0.4467 0.0349 -0.4637 0.8853 -136.034 -73.5927 41.323
transform "crago" 0.964 -0.2278 -0.1371 0.2651 0.8634 0.4292 0.0206 -0.4501 0.8928 -134.4183 -76.0391 39.2153
transform "crago" 0.947 -0.2876 -0.1432 0.3213 0.8552 0.4067 0.0055 -0.4311 0.9023 -132.8779 -78.5276 36.8568
transform "crago" 0.9251 -0.3503 -0.1467 0.3796 0.8435 0.3799 -0.0093 -0.4071 0.9133 -131.4113 -81.0417 34.2662
transform "crago" 0.8985 -0.4136 -0.1471 0.4384 0.828 0.3496 -0.0228 -0.3786 0.9253 -130.0169 -83.5648 31.4626
transform "crago" 0.8678 -0.4757 -0.1438 0.4958 0.8087 0.3166 -0.0344 -0.346 0.9376 -128.6931 -86.0805 28.4648
transform "crago" 0.8339 -0.5348 -0.1367 0.5503 0.786 0.282 -0.0433 -0.3103 0.9496 -127.4384 -88.5723 25.2918
transform "crago" 0.7982 -0.5891 -0.126 0.6004 0.7608 0.2465 -0.0494 -0.2724 0.9609 -126.2513 -91.0236 21.9624
transform "crago" 0.7624 -0.6373 -0.1119 0.6449 0.7345 0.2112 -0.0524 -0.2332 0.971 -125.1302 -93.4181 18.4956
transform "crago" 0.7284 -0.6785 -0.0952 0.6831 0.7086 0.1768 -0.0525 -0.1938 0.9796 -124.0734 -95.7392 14.9102
transform "crago" 0.6981 -0.7119 -0.0765 0.7142 0.6849 0.1442 -0.0502 -0.1553 0.9866 -123.0796 -97.9705 11.2252
transform "crago" 0.6735 -0.737 -0.0569 0.7378 0.6654 0.1138 -0.0461 -0.1186 0.9919 -122.147 -100.0953 7.4595
transform "crago" 0.6563 -0.7536 -0.0374 0.7534 0.6519 0.0864 -0.0407 -0.0848 0.9956 -121.2741 -102.0974 3.6319
transform "crago" 0.6483 -0.7611 -0.0191 0.7606 0.6463 0.0622 -0.035 -0.0548 0.9979 -120.4594 -103.96 -0.2386
transform "crago" 0.6508 -0.7593 -0.0031 0.7587 0.6501 0.0419 -0.0297 -0.0296 0.9991 -119.7013 -105.6669 -4.1331
transform "crago" 0.6647 -0.747 0.0095 0.7467 0.6647 0.0258 -0.0256 -0.0101 0.9996 -118.9983 -107.2014 -8.0327
transform "crago" 0.6905 -0.7231 0.0178 0.723 0.6907 0.0148 -0.023 0.0027 0.9997 -118.3488 -108.5471 -11.9186
transform "crago" 0.5884 -0.8083 0.0213 0.8083 0.5887 0.0102 -0.0208 0.0112 0.9997 -117.7862 -109.7029 -15.7199
transform "crago" 0.4803 -0.8768 0.0248 0.8769 0.4806 0.0067 -0.0178 0.0186 0.9997 -117.339 -110.6875 -19.4034
transform "crago" 0.3688 -0.9291 0.0283 0.9294 0.369 0.004 -0.0142 0.0249 0.9996 -116.9977 -111.5145 -23.0064
transform "crago" 0.2561 -0.9661 0.0316 0.9666 0.2563 0.0021 -0.0102 0.03 0.9995 -116.7531 -112.197 -26.5661
transform "crago" 0.1441 -0.989 0.0346 0.9895 0.1442 0.001 -0.006 0.0341 0.9994 -116.5957 -112.7485 -30.1198
transform "crago" 0.0343 -0.9987 0.0372 0.9994 0.0344 0.0005 -0.0018 0.0371 0.9993 -116.5162 -113.1824 -33.7047
transform "crago" -0.072 -0.9966 0.0393 0.9974 -0.072 0.0006 0.0023 0.0392 0.9992 -116.5053 -113.512 -37.3582
transform "crago" -0.1738 -0.9839 0.0409 0.9848 -0.1739 0.0011 0.0061 0.0404 0.9992 -116.5536 -113.7507 -41.1174
transform "crago" -0.2705 -0.9618 0.0419 0.9627 -0.2707 0.0019 0.0095 0.0409 0.9991 -116.6518 -113.9119 -45.0196
transform "crago" -0.3615 -0.9314 0.0424 0.9323 -0.3618 0.003 0.0126 0.0406 0.9991 -116.7905 -114.0088 -49.102
transform "crago" -0.4466 -0.8937 0.0423 0.8946 -0.4468 0.0042 0.0151 0.0397 0.9991 -116.9603 -114.055 -53.402
transform "crago" -0.5254 -0.8499 0.0416 0.8507 -0.5256 0.0055 0.0172 0.0383 0.9991 -117.152 -114.0637 -57.9568
transform "crago" -0.5979 -0.8006 0.0404 0.8014 -0.5981 0.0069 0.0186 0.0365 0.9992 -117.3561 -114.0483 -62.8036
transform "crago" -0.664 -0.7467 0.0386 0.7475 -0.6642 0.0082 0.0195 0.0343 0.9992 -117.5634 -114.0222 -67.9798
transform "crago" -0.7239 -0.689 0.0364 0.6896 -0.7241 0.0094 0.0199 0.0319 0.9993 -117.7644 -113.9987 -73.5224
transform "crago" -0.7776 -0.6279 0.0337 0.6285 -0.7777 0.0104 0.0197 0.0292 0.9994 -117.9498 -113.9913 -79.4689
transform "crago" -0.8252 -0.564 0.0306 0.5646 -0.8253 0.0112 0.0189 0.0265 0.9995 -118.1103 -114.0133 -85.8565
transform "crago" -0.8668 -0.4979 0.0272 0.4983 -0.8669 0.0118 0.0177 0.0238 0.9996 -118.2366 -114.078 -92.7224
vue 3
transform "crago" 0.0004 0.0055 -1 -0.0001 1 0.0055 1 0.0001 0.0004 -196.5241 1.9466 -99.8566
transform "crago" 0.0004 0.0055 -1 -0.0001 1 0.0055 1 0.0001 0.0004 -196.5258 1.9466 -95.9604
transform "crago" 0.0004 0.0055 -1 -0.0001 1 0.0055 1 0.0001 0.0004 -196.5265 1.9466 -92.0763
transform "crago" 0.0004 0.0055 -1 -0.0001 1 0.0055 1 0.0001 0.0004 -196.5262 1.9466 -88.2043
transform "crago" 0.0004 0.0055 -1 -0.0001 1 0.0055 1 0.0001 0.0004 -196.5248 1.9466 -84.3449
transform "crago" 0.0004 0.0055 -1 -0.0001 1 0.0055 1 0.0001 0.0004 -196.5223 1.9466 -80.4983
transform "crago" 0.0004 0.0055 -1 -0.0001 1 0.0055 1 0.0001 0.0004 -196.5188 1.9466 -76.6648
transform "crago" 0.0004 0.0055 -1 -0.0001 1 0.0055 1 0.0001 0.0004 -196.5141 1.9466 -72.8445
transform "crago" 0.0004 0.0055 -1 -0.0001 1 0.0055 1 0.0001 0.0004 -196.5083 1.9466 -69.0379
transform "crago" 0.0004 0.0055 -1 -0.0001 1 0.0055 1 0.0001 0.0004 -196.5013 1.9466 -65.245
transform "crago" 0.0004 0.0055 -1 -0.0001 1 0.0055 1 0.0001 0.0004 -196.4931 1.9466 -61.4664
transform "crago" 0.0004 0.0055 -1 -0.0001 1 0.0055 1 0.0001 0.0004 -196.4837 1.9466 -57.7021
transform "crago" 0.0004 0.0055 -1 -0.0001 1 0.0055 1 0.0001 0.0004 -196.473 1.9466 -53.9524
transform "crago" 0.0004 0.0055 -1 -0.0001 1 0.0055 1 0.0001 0.0004 -196.4611 1.9466 -50.2177
transform "crago" 0.0004 0.0055 -1 -0.0001 1 0.0055 1 0.0001 0.0004 -196.448 1.9466 -46.4982
transform "crago" 0.0004 0.0055 -1 -0.0001 1 0.0055 1 0.0001 0.0004 -196.4335 1.9466 -42.7941
transform "crago" 0.0004 0.0055 -1 -0.0001 1 0.0055 1 0.0001 0.0004 -196.4177 1.9466 -39.1057
transform "crago" 0.0004 0.0055 -1 -0.0106 0.9999 0.0055 0.9999 0.0106 0.0005 -196.4005 1.9466 -35.4333
transform "crago" 0.0004 0.0055 -1 -0.042 0.9991 0.0054 0.9991 0.042 0.0007 -196.382 1.9466 -31.7772
transform "crago" 0.0004 0.0055 -1 -0.0942 0.9955 0.0054 0.9956 0.0942 0.0009 -196.3621 1.9466 -28.1376
transform "crago" 0.0004 0.0055 -1 -0.1669 0.986 0.0053 0.986 0.1669 0.0013 -196.3408 1.9466 -24.5147
transform "crago" 0.0004 0.0055 -1 -0.2589 0.9659 0.0052 0.9659 0.2589 0.0018 -196.318 1.9466 -20.909
transform "crago" 0.0004 0.0055 -1 -0.3682 0.9297 0.0049 0.9297 0.3682 0.0024 -196.2938 1.9466 -17.3205
transform "crago" 0.0004 0.0055 -1 -0.491 0.8712 0.0045 0.8712 0.491 0.0031 -196.2681 1.9466 -13.7496
transform "crago" 0.0004 0.0055 -1 -0.6212 0.7836 0.004 0.7836 0.6212 0.0037 -196.2409 1.9466 -10.1966
transform "crago" 0.0004 0.0055 -1 -0.7502 0.6612 0.0033 0.6612 0.7502 0.0044 -196.2122 1.9466 -6.6617
transform "crago" 0.0004 0.0055 -1 -0.8661 0.4999 0.0024 0.4999 0.8661 0.0049 -196.1819 1.9466 -3.1451
transform "crago" 0.0004 0.0055 -1 -0.9511 0.3089 0.0013 0.3089 0.9511 0.0053 -196.1501 1.9466 0.3528
transform "crago" 0.0004 0.0055 -1 -0.9945 0.1044 0.0001 0.1044 0.9945 0.0055 -196.1166 1.9466 3.8317
transform "crago" 0.0004 0.0055 -1 -0.9945 -0.1046 -0.001 -0.1046 0.9945 0.0054 -196.0816 1.9466 7.2915
transform "crago" 0.0004 0.0055 -1 -0.951 -0.3091 -0.0021 -0.3091 0.951 0.0051 -196.0449 1.9466 10.7319
transform "crago" 0.0004 0.0055 -1 -0.866 -0.5001 -0.0031 -0.5001 0.866 0.0045 -196.0065 1.9466 14.1525
transform "crago" 0.0004 0.0055 -1 -0.7431 -0.6692 -0.004 -0.6692 0.7431 0.0038 -195.9665 1.9466 17.5531
transform "crago" 0.0004 0.0055 -1 -0.5877 -0.8091 -0.0047 -0.8091 0.5877 0.0029 -195.9247 1.9466 20.9335
transform "crago" 0.0004 0.0055 -1 -0.4066 -0.9136 -0.0052 -0.9136 0.4066 0.0018 -195.8812 1.9466 24.2934
transform "crago" 0.0004 0.0055 -1 -0.2078 -0.9782 -0.0054 -0.9782 0.2078 0.0007 -195.836 1.9466 27.6325
transform "crago" 0.0004 0.0055 -1 0.0001 -1 -0.0055 -1 -0.0001 -0.0004 -195.789 1.9466 30.9506
transform "crago" 0.0004 0.0055 -1 0.0001 -1 -0.0055 -1 -0.0001 -0.0004 -195.727 1.9466 34.0904
transform "crago" 0.0004 0.0055 -1 0.0001 -1 -0.0055 -1 -0.0001 -0.0004 -195.6377 1.9466 36.9062
transform "crago" 0.0004 0.0055 -1 0.0001 -1 -0.0055 -1 -0.0001 -0.0004 -195.5225 1.9466 39.4151
transform "crago" 0.0004 0.0055 -1 0.0001 -1 -0.0055 -1 -0.0001 -0.0004 -195.3829 1.9466 41.6342
transform "crago" 0.0004 0.0055 -1 0.0001 -1 -0.0055 -1 -0.0001 -0.0004 -195.2203 1.9466 43.5805
transform "crago" 0.0004 0.0055 -1 0.0001 -1 -0.0055 -1 -0.0001 -0.0004 -195.0361 1.9466 45.271
transform "crago" 0.0004 0.0055 -1 0.0001 -1 -0.0055 -1 -0.0001 -0.0004 -194.8319 1.9466 46.7228
transform "crago" 0.0004 0.0055 -1 0.0001 -1 -0.0055 -1 -0.0001 -0.0004 -194.609 1.9466 47.953
transform "crago" 0.0004 0.0055 -1 0.0001 -1 -0.0055 -1 -0.0001 -0.0004 -194.3688 1.9466 48.9785
transform "crago" 0.0004 0.0055 -1 0.0001 -1 -0.0055 -1 -0.0001 -0.0004 -194.1128 1.9466 49.8165
transform "crago" 0.0004 0.0055 -1 0.0001 -1 -0.0055 -1 -0.0001 -0.0004 -193.8425 1.9466 50.484
transform "crago" 0.0004 0.0055 -1 0.0001 -1 -0.0055 -1 -0.0001 -0.0004 -193.5592 1.9466 50.9981
transform "crago" 0.0004 0.0055 -1 0.0001 -1 -0.0055 -1 -0.0001 -0.0004 -193.2645 1.9466 51.3757
transform "crago" 0.0004 0.0055 -1 0.0001 -1 -0.0055 -1 -0.0001 -0.0004 -192.9596 1.9466 51.634
transform "crago" 0.0004 0.0055 -1 0.0001 -1 -0.0055 -1 -0.0001 -0.0004 -192.6462 1.9466 51.79
transform "crago" 0.0004 0.0055 -1 0.0001 -1 -0.0055 -1 -0.0001 -0.0004 -192.3256 1.9466 51.8608
transform "crago" 0.0004 0.0055 -1 0.0001 -1 -0.0055 -1 -0.0001 -0.0004 -191.9992 1.9466 51.8633
transform "crago" 0.0004 0.0055 -1 0.0001 -1 -0.0055 -1 -0.0001 -0.0004 -191.6685 1.9466 51.8147
transform "crago" 0.0004 0.0055 -1 0.0001 -1 -0.0055 -1 -0.0001 -0.0004 -191.335 1.9466 51.732
transform "crago" 0.0004 0.0055 -1 0.0001 -1 -0.0055 -1 -0.0001 -0.0004 -191 1.9466 51.6322
transform "crago" 0.0004 0.0055 -1 0.0001 -1 -0.0055 -1 -0.0001 -0.0004 -191 1.9466 51.6322
transform "crago" 0.0004 0.0055 -1 0.0001 -1 -0.0055 -1 -0.0001 -0.0004 -191 1.9466 51.6322
transform "crago" 0.0004 0.0055 -1 0.0001 -1 -0.0055 -1 -0.0001 -0.0004 -191 1.9466 51.6322
transform "crago" 0.0004 0.0055 -1 0.0001 -1 -0.0055 -1 -0.0001 -0.0004 -191 1.9466 51.6322
transform "crago" 0.0004 0.0055 -1 0.0001 -1 -0.0055 -1 -0.0001 -0.0004 -191 1.9466 51.6322
transform "crago" 0.0004 0.0055 -1 0.0001 -1 -0.0055 -1 -0.0001 -0.0004 -191 1.9466 51.6322
transform "crago" 0.0004 0.0055 -1 0.0001 -1 -0.0055 -1 -0.0001 -0.0004 -191 1.9466 51.6322
transform "crago" 0.0004 0.0055 -1 0.0001 -1 -0.0055 -1 -0.0001 -0.0004 -191 1.9466 51.6322
transform "crago" 0.0004 0.0055 -1 0.0001 -1 -0.0055 -1 -0.0001 -0.0004 -191 1.9466 51.6322
transform "crago" 0.0004 0.0055 -1 0.0001 -1 -0.0055 -1 -0.0001 -0.0004 -191 1.9466 51.6322
transform "crago" 0.0004 0.0055 -1 0.0001 -1 -0.0055 -1 -0.0001 -0.0004 -191 1.9466 51.6322
transform "crago" 0.0004 0.0055 -1 0.0001 -1 -0.0055 -1 -0.0001 -0.0004 -191 1.9466 51.6322
transform "crago" 0.0004 0.0055 -1 0.0001 -1 -0.0055 -1 -0.0001 -0.0004 -191 1.9466 51.6322
transform "crago" 0.0004 0.0055 -1 0.0001 -1 -0.0055 -1 -0.0001 -0.0004 -191 1.9466 51.6322
transform "crago" 0.0004 0.0055 -1 0.0001 -1 -0.0055 -1 -0.0001 -0.0004 -191 1.9466 51.6322
transform "crago" 0.0004 0.0055 -1 0.0001 -1 -0.0055 -1 -0.0001 -0.0004 -191 1.9466 51.6322
transform "crago" 0.0004 0.0055 -1 0.0001 -1 -0.0055 -1 -0.0001 -0.0004 -191 1.9466 51.6322
transform "crago" 0.0004 0.0055 -1 0.0001 -1 -0.0055 -1 -0.0001 -0.0004 -191 1.9466 51.6322
transform "crago" 0.0004 0.0055 -1 0.0001 -1 -0.0055 -1 -0.0001 -0.0004 -191 1.9466 51.6322
vue 4
transform "crago" 0.0004 0.0055 -1 0.0001 -1 -0.0055 -1 -0.0001 -0.0004 -191 1.9466 51.6322
transform "crago" 0.0004 0.0055 -1 0.0001 -1 -0.0055 -1 -0.0001 -0.0004 -191.0402 1.9466 51.637
transform "crago" 0.0004 0.0055 -1 0.0001 -1 -0.0055 -1 -0.0001 -0.0004 -191.1607 1.9466 51.6511
transform "crago" 0.0004 0.0055 -1 0.0001 -1 -0.0055 -1 -0.0001 -0.0004 -191.3615 1.9466 51.6748
transform "crago" 0.0004 0.0055 -1 0.0001 -1 -0.0055 -1 -0.0001 -0.0004 -191.6426 1.9466 51.7079
transform "crago" 0.0004 0.0055 -1 0.0001 -1 -0.0055 -1 -0.0001 -0.0004 -192.0041 1.9466 51.7504
transform "crago" 0.0004 0.0055 -1 0.0001 -1 -0.0055 -1 -0.0001 -0.0004 -192.4459 1.9466 51.8024
transform "crago" 0.0004 0.0055 -1 0.0001 -1 -0.0055 -1 -0.0001 -0.0004 -192.9681 1.9466 51.8638
transform "crago" 0.0004 0.0055 -1 0.0001 -1 -0.0055 -1 -0.0001 -0.0004 -193.5706 1.9466 51.9347
transform "crago" 0.0004 0.0055 -1 0.0001 -1 -0.0055 -1 -0.0001 -0.0004 -194.2534 1.9466 52.015
transform "crago" 0.0004 0.0055 -1 0.0001 -1 -0.0055 -1 -0.0001 -0.0004 -195.0165 1.9466 52.1048
transform "crago" 0.0004 0.0055 -1 0.0001 -1 -0.0055 -1 -0.0001 -0.0004 -195.7796 1.9466 52.1946
transform "crago" 0.0004 0.0055 -1 0.0001 -1 -0.0055 -1 -0.0001 -0.0004 -196.4624 1.9466 52.2749
transform "crago" 0.0004 0.0055 -1 0.0001 -1 -0.0055 -1 -0.0001 -0.0004 -197.0649 1.9466 52.3458
transform "crago" 0.0004 0.0055 -1 0.0001 -1 -0.0055 -1 -0.0001 -0.0004 -197.5871 1.9466 52.4073
transform "crago" 0.0004 0.0055 -1 0.0001 -1 -0.0055 -1 -0.0001 -0.0004 -198.0289 1.9466 52.4592
transform "crago" 0.0004 0.0055 -1 0.0001 -1 -0.0055 -1 -0.0001 -0.0004 -198.3904 1.9466 52.5018
transform "crago" 0.0004 0.0055 -1 0.0001 -1 -0.0055 -1 -0.0001 -0.0004 -198.6715 1.9466 52.5348
transform "crago" 0.0004 0.0055 -1 0.0001 -1 -0.0055 -1 -0.0001 -0.0004 -198.8723 1.9466 52.5585
transform "crago" 0.0004 0.0055 -1 0.0001 -1 -0.0055 -1 -0.0001 -0.0004 -198.9928 1.9466 52.5727
transform "crago" 0.0004 0.0055 -1 0.0001 -1 -0.0055 -1 -0.0001 -0.0004 -199.033 1.9466 52.5774
transform "crago" 0.0004 0.0055 -1 0.0001 -1 -0.0055 -1 -0.0001 -0.0004 -199.057 1.8336 52.5773
transform "crago" 0.0004 0.0055 -1 0.0001 -1 -0.0055 -1 -0.0001 -0.0004 -199.1313 1.496 52.5756
transform "crago" 0.0004 0.0055 -1 0.0001 -1 -0.0055 -1 -0.0001 -0.0004 -199.2621 0.9376 52.5685
transform "crago" 0.0004 0.0055 -1 0.0001 -1 -0.0055 -1 -0.0001 -0.0004 -199.4594 0.1641 52.5499
transform "crago" 0.0004 0.0055 -1 0.0001 -1 -0.0055 -1 -0.0001 -0.0004 -199.7355 -0.8172 52.5123
transform "crago" 0.0004 0.0055 -1 0.0001 -1 -0.0055 -1 -0.0001 -0.0004 -200.1035 -1.9986 52.4479
transform "crago" 0.0004 0.0055 -1 0.0001 -1 -0.0055 -1 -0.0001 -0.0004 -200.5753 -3.373 52.3493
transform "crago" 0.0004 0.0055 -1 0.0001 -1 -0.0055 -1 -0.0001 -0.0004 -201.159 -4.9356 52.2115
transform "crago" 0.0004 0.0055 -1 0.0001 -1 -0.0055 -1 -0.0001 -0.0004 -201.8564 -6.6855 52.0335
transform "crago" 0.0004 0.0055 -1 0.0001 -1 -0.0055 -1 -0.0001 -0.0004 -202.6593 -8.6275 51.8203
transform "crago" 0.0004 0.0055 -1 0.0001 -1 -0.0055 -1 -0.0001 -0.0004 -203.504 -10.6719 51.5963
transform "crago" 0.0004 0.0055 -1 0.0001 -1 -0.0055 -1 -0.0001 -0.0004 -204.3188 -12.734 51.3903
transform "crago" 0.0004 0.0055 -1 0.0001 -1 -0.0055 -1 -0.0001 -0.0004 -205.0739 -14.8312 51.2208
transform "crago" 0.0004 0.0055 -1 0.0001 -1 -0.0055 -1 -0.0001 -0.0004 -205.7395 -16.9812 51.1057
transform "crago" 0.0004 0.0055 -1 0.0001 -1 -0.0055 -1 -0.0001 -0.0004 -206.2856 -19.2015 51.0633
transform "crago" 0.0004 0.0055 -1 0.0001 -1 -0.0055 -1 -0.0001 -0.0004 -206.6826 -21.5098 51.1117
transform "crago" 0.0004 0.0055 -1 0.0001 -1 -0.0055 -1 -0.0001 -0.0004 -206.9004 -23.9237 51.2692
transform "crago" 0.0004 0.0055 -1 0.0001 -1 -0.0055 -1 -0.0001 -0.0004 -206.9093 -26.4607 51.5539
transform "crago" 0.0004 0.0055 -1 0.0001 -1 -0.0055 -1 -0.0001 -0.0004 -206.6795 -29.1384 51.9839
transform "crago" 0.0004 0.0055 -1 0.0001 -1 -0.0055 -1 -0.0001 -0.0004 -206.181 -31.9745 52.5774
transform "crago" 0.0044 0.0014 -1 -0.004 -1 -0.0014 -1 0.004 -0.0044 -205.5781 -34.2986 53.0189
transform "crago" 0.0163 -0.011 -0.9998 -0.0163 -0.9998 0.0107 -0.9997 0.0162 -0.0165 -204.75 -36.8664 53.3413
transform "crago" 0.0358 -0.0318 -0.9989 -0.0372 -0.9988 0.0305 -0.9987 0.0361 -0.0369 -203.7218 -39.6436 53.5748
transform "crago" 0.0622 -0.0617 -0.9962 -0.0671 -0.9961 0.0575 -0.9958 0.0632 -0.0661 -202.5182 -42.596 53.7493
transform "crago" 0.0948 -0.101 -0.9904 -0.1063 -0.9902 0.0908 -0.9898 0.0967 -0.1046 -201.1642 -45.6893 53.8948
transform "crago" 0.1323 -0.1502 -0.9798 -0.1556 -0.9793 0.1292 -0.9789 0.1353 -0.153 -199.6848 -48.8892 54.0414
transform "crago" 0.173 -0.2098 -0.9623 -0.2151 -0.9615 0.171 -0.9612 0.1774 -0.2115 -198.1049 -52.1614 54.219
transform "crago" 0.2147 -0.2797 -0.9358 -0.2849 -0.9344 0.214 -0.9342 0.2206 -0.2803 -196.4493 -55.4716 54.4578
transform "crago" 0.2545 -0.3596 -0.8977 -0.3646 -0.8955 0.2554 -0.8957 0.2623 -0.359 -194.7429 -58.7857 54.7877
transform "crago" 0.2891 -0.4484 -0.8458 -0.453 -0.8424 0.2917 -0.8433 0.2989 -0.4466 -193.0108 -62.0692 55.2388
transform "crago" 0.3134 -0.5394 -0.7815 -0.5438 -0.7766 0.318 -0.7785 0.3253 -0.5367 -191.2777 -65.2879 55.841
transform "crago" 0.325 -0.6264 -0.7085 -0.6304 -0.702 0.3315 -0.705 0.3389 -0.623 -189.5687 -68.4076 56.6244
transform "crago" 0.3235 -0.7075 -0.6283 -0.7111 -0.6199 0.3319 -0.6243 0.3394 -0.7037 -187.9086 -71.394 57.6191
transform "crago" 0.3091 -0.7812 -0.5423 -0.7843 -0.5319 0.3192 -0.5379 0.3267 -0.7772 -186.3223 -74.2127 58.855
transform "crago" 0.282 -0.8461 -0.4524 -0.8486 -0.4399 0.2937 -0.4476 0.3011 -0.8421 -184.8348 -76.8295 60.3621
transform "crago" 0.2427 -0.9007 -0.3602 -0.9028 -0.3457 0.2559 -0.3551 0.2631 -0.8971 -183.4709 -79.2102 62.1706
transform "crago" 0.1921 -0.9442 -0.2677 -0.9457 -0.2509 0.2066 -0.2622 0.2135 -0.9411 -182.2556 -81.3205 64.3103
transform "crago" 0.131 -0.9755 -0.1765 -0.9766 -0.1576 0.1466 -0.1708 0.1531 -0.9733 -181.2139 -83.126 66.8114
transform "crago" 0.0607 -0.9942 -0.0885 -0.9947 -0.0676 0.0772 -0.0827 0.0834 -0.9931 -180.3705 -84.5925 69.7038
transform "crago" -0.0174 -0.9998 -0.0055 -0.9998 0.0174 -0.0003 0.0004 0.0055 -1 -179.7504 -85.6858 73.0176
transform "crago" -0.0174 -0.9998 -0.0055 -0.9998 0.0174 -0.0003 0.0004 0.0055 -1 -179.2656 -86.5477 76.5988
transform "crago" -0.0174 -0.9998 -0.0055 -0.9998 0.0174 -0.0003 0.0004 0.0055 -1 -178.8108 -87.3441 80.2718
transform "crago" -0.0174 -0.9998 -0.0055 -0.9998 0.0174 -0.0003 0.0004 0.0055 -1 -178.3853 -88.0767 84.0344
transform "crago" -0.0174 -0.9998 -0.0055 -0.9998 0.0174 -0.0003 0.0004 0.0055 -1 -177.9883 -88.7473 87.8841
transform "crago" -0.0174 -0.9998 -0.0055 -0.9998 0.0174 -0.0003 0.0004 0.0055 -1 -177.619 -89.3574 91.8186
transform "crago" -0.0174 -0.9998 -0.0055 -0.9998 0.0174 -0.0003 0.0004 0.0055 -1 -177.2766 -89.9088 95.8356
transform "crago" -0.0174 -0.9998 -0.0055 -0.9998 0.0174 -0.0003 0.0004 0.0055 -1 -176.9604 -90.4031 99.9326
transform "crago" -0.0174 -0.9998 -0.0055 -0.9998 0.0174 -0.0003 0.0004 0.0055 -1 -176.6697 -90.842 104.1074
transform "crago" -0.0174 -0.9998 -0.0055 -0.9998 0.0174 -0.0003 0.0004 0.0055 -1 -176.4036 -91.2272 108.3575
transform "crago" -0.0174 -0.9998 -0.0055 -0.9998 0.0174 -0.0003 0.0004 0.0055 -1 -176.1614 -91.5604 112.6807
transform "crago" -0.0174 -0.9998 -0.0055 -0.9998 0.0174 -0.0003 0.0004 0.0055 -1 -175.9422 -91.8432 117.0745
transform "crago" -0.0174 -0.9998 -0.0055 -0.9998 0.0174 -0.0003 0.0004 0.0055 -1 -175.7454 -92.0774 121.5367
transform "crago" -0.0174 -0.9998 -0.0055 -0.9998 0.0174 -0.0003 0.0004 0.0055 -1 -175.5702 -92.2645 126.0648
transform "crago" -0.0174 -0.9998 -0.0055 -0.9998 0.0174 -0.0003 0.0004 0.0055 -1 -175.4157 -92.4064 130.6564
transform "crago" -0.0174 -0.9998 -0.0055 -0.9998 0.0174 -0.0003 0.0004 0.0055 -1 -175.2813 -92.5046 135.3094
transform "crago" -0.0174 -0.9998 -0.0055 -0.9998 0.0174 -0.0003 0.0004 0.0055 -1 -175.1662 -92.5608 140.0212
transform "crago" -0.0174 -0.9998 -0.0055 -0.9998 0.0174 -0.0003 0.0004 0.0055 -1 -175.0695 -92.5767 144.7896
transform "crago" -0.0174 -0.9998 -0.0055 -0.9998 0.0174 -0.0003 0.0004 0.0055 -1 -174.9905 -92.5541 149.6121
transform "crago" -0.0174 -0.9998 -0.0055 -0.9998 0.0174 -0.0003 0.0004 0.0055 -1 -174.9285 -92.4945 154.4864
transform "crago" -0.0174 -0.9998 -0.0055 -0.9998 0.0174 -0.0003 0.0004 0.0055 -1 -174.8826 -92.3997 159.4102
transform "crago" -0.0174 -0.9998 -0.0055 -0.9998 0.0174 -0.0003 0.0004 0.0055 -1 -174.8521 -92.2713 164.3811
transform "crago" -0.0174 -0.9998 -0.0055 -0.9998 0.0174 -0.0003 0.0004 0.0055 -1 -174.8363 -92.111 169.3968
transform "crago" -0.0174 -0.9998 -0.0055 -0.9998 0.0174 -0.0003 0.0004 0.0055 -1 -174.8344 -91.9205 174.4548
transform "crago" -0.0174 -0.9998 -0.0055 -0.9998 0.0174 -0.0003 0.0004 0.0055 -1 -174.8455 -91.7014 179.553
transform "crago" -0.0174 -0.9998 -0.0055 -0.9998 0.0174 -0.0003 0.0004 0.0055 -1 -174.8689 -91.4555 184.6887
transform "crago" -0.0174 -0.9998 -0.0055 -0.9998 0.0174 -0.0003 0.0004 0.0055 -1 -174.9039 -91.1844 189.8599
transform "crago" -0.0174 -0.9998 -0.0055 -0.9998 0.0174 -0.0003 0.0004 0.0055 -1 -174.9497 -90.8899 195.064
transform "crago" -0.0174 -0.9998 -0.0055 -0.9998 0.0174 -0.0003 0.0004 0.0055 -1 -175.0055 -90.5735 200.2987
transform "crago" -0.0174 -0.9998 -0.0055 -0.9998 0.0174 -0.0003 0.0004 0.0055 -1 -175.0705 -90.2369 205.5617
transform "crago" -0.0174 -0.9998 -0.0055 -0.9998 0.0174 -0.0003 0.0004 0.0055 -1 -175.144 -89.8819 210.8506
transform "crago" -0.0174 -0.9998 -0.0055 -0.9998 0.0174 -0.0003 0.0004 0.0055 -1 -175.2252 -89.5102 216.163
transform "crago" -0.0174 -0.9998 -0.0055 -0.9998 0.0174 -0.0003 0.0004 0.0055 -1 -175.3134 -89.1233 221.4967
transform "crago" -0.0174 -0.9998 -0.0055 -0.9998 0.0174 -0.0003 0.0004 0.0055 -1 -175.4077 -88.723 226.8492
transform "crago" -0.0174 -0.9998 -0.0055 -0.9998 0.0174 -0.0003 0.0004 0.0055 -1 -175.5074 -88.3109 232.2182
transform "crago" -0.0174 -0.9998 -0.0055 -0.9998 0.0174 -0.0003 0.0004 0.0055 -1 -175.6117 -87.8888 237.6013
transform "crago" -0.0174 -0.9998 -0.0055 -0.9998 0.0174 -0.0003 0.0004 0.0055 -1 -175.7198 -87.4582 242.9962
transform "crago" -0.0174 -0.9998 -0.0055 -0.9998 0.0174 -0.0003 0.0004 0.0055 -1 -175.8311 -87.021 248.4005
transform "crago" -0.0174 -0.9998 -0.0055 -0.9998 0.0174 -0.0003 0.0004 0.0055 -1 -175.9446 -86.5787 253.8118
transform "crago" -0.0174 -0.9998 -0.0055 -0.9998 0.0174 -0.0003 0.0004 0.0055 -1 -176.0597 -86.1331 259.2279
