VERSION 201

frame 0
transform "kyles" 0.809 0.5878 0 -0.5878 0.809 0 0 0 1 -131.8358 262.3009 167.9169
transform "OBJ01" 1 0 0 0 1 0 0 0 1 408.3125 502.8021 -3
transform "PLAYER01" 1 0 0 0 1 0 0 0 1 -130.8093 289.9414 150
transform "0EXT01" 1 0 0 0 1 0 0 0 1 -162.4789 325.9927 200
transform "PROPS01" 1 0 0 0 1 0 0 0 1 -116.4777 268.3455 200
camera -90.7955 233.7314 158.761 -142.9129 282.2589 208.2784 0 32.6531

frame 1
transform "kyles" 0.809 0.5878 0 -0.5878 0.809 0 0 0 1 -131.8358 262.3009 167.9169
transform "OBJ01" 1 0 0 0 1 0 0 0 1 408.3125 502.8021 -3
transform "PLAYER01" 1 0 0 0 1 0 0 0 1 -130.8093 289.9414 150
transform "0EXT01" 1 0 0 0 1 0 0 0 1 -162.4789 325.9927 200
transform "PROPS01" 1 0 0 0 1 0 0 0 1 -116.4777 268.3455 200
camera -90.7955 233.7314 158.761 -142.9129 282.2589 208.2784 0 32.6531

frame 2
transform "kyles" 0.809 0.5878 0 -0.5878 0.809 0 0 0 1 -131.8357 262.3009 167.9169
transform "OBJ01" 1 0 0 0 1 0 0 0 1 408.3125 502.8021 -3
transform "PLAYER01" 1 0 0 0 1 0 0 0 1 -130.8093 289.9414 150
transform "0EXT01" 1 0 0 0 1 0 0 0 1 -162.4789 325.9927 200
transform "PROPS01" 1 0 0 0 1 0 0 0 1 -116.4777 268.3455 200
camera -90.7955 233.7314 158.761 -142.9129 282.2589 208.2784 0 32.6531

frame 3
transform "kyles" 0.809 0.5878 0 -0.5878 0.809 0 0 0 1 -131.8357 262.3009 167.9169
transform "OBJ01" 1 0 0 0 1 0 0 0 1 408.3125 502.8021 -3
transform "PLAYER01" 1 0 0 0 1 0 0 0 1 -130.8093 289.9414 150
transform "0EXT01" 1 0 0 0 1 0 0 0 1 -162.4789 325.9927 200
transform "PROPS01" 1 0 0 0 1 0 0 0 1 -116.4777 268.3455 200
camera -90.7955 233.7314 158.761 -142.9129 282.2589 208.2784 0 32.6531

frame 4
transform "kyles" 0.809 0.5878 0 -0.5878 0.809 0 0 0 1 -131.8356 262.3009 167.9169
transform "OBJ01" 1 0 0 0 1 0 0 0 1 408.3125 502.8021 -3
transform "PLAYER01" 1 0 0 0 1 0 0 0 1 -130.8093 289.9414 150
transform "0EXT01" 1 0 0 0 1 0 0 0 1 -162.4789 325.9927 200
transform "PROPS01" 1 0 0 0 1 0 0 0 1 -116.4777 268.3455 200
camera -90.7955 233.7314 158.761 -142.9129 282.2589 208.2784 0 32.6531

frame 5
transform "kyles" 0.809 0.5878 0 -0.5878 0.809 0 0 0 1 -131.8356 262.3009 167.9169
transform "OBJ01" 1 0 0 0 1 0 0 0 1 408.3125 502.8021 -3
transform "PLAYER01" 1 0 0 0 1 0 0 0 1 -130.8093 289.9414 150
transform "0EXT01" 1 0 0 0 1 0 0 0 1 -162.4789 325.9927 200
transform "PROPS01" 1 0 0 0 1 0 0 0 1 -116.4777 268.3455 200
camera -90.7955 233.7314 158.761 -142.9129 282.2589 208.2784 0 32.6531

frame 6
transform "kyles" 0.809 0.5878 0 -0.5878 0.809 0 0 0 1 -131.8355 262.3009 167.9169
transform "OBJ01" 1 0 0 0 1 0 0 0 1 408.3125 502.8021 -3
transform "PLAYER01" 1 0 0 0 1 0 0 0 1 -130.8093 289.9414 150
transform "0EXT01" 1 0 0 0 1 0 0 0 1 -162.4789 325.9927 200
transform "PROPS01" 1 0 0 0 1 0 0 0 1 -116.4777 268.3455 200
camera -90.7955 233.7314 158.761 -142.9129 282.2589 208.2784 0 32.6531

frame 7
transform "kyles" 0.809 0.5878 0 -0.5878 0.809 0 0 0 1 -131.8354 262.3009 167.9169
transform "OBJ01" 1 0 0 0 1 0 0 0 1 408.3125 502.8021 -3
transform "PLAYER01" 1 0 0 0 1 0 0 0 1 -130.8093 289.9414 150
transform "0EXT01" 1 0 0 0 1 0 0 0 1 -162.4789 325.9927 200
transform "PROPS01" 1 0 0 0 1 0 0 0 1 -116.4777 268.3455 200
camera -90.7955 233.7314 158.761 -142.9129 282.2589 208.2784 0 32.6531

frame 8
transform "kyles" 0.809 0.5878 0 -0.5878 0.809 0 0 0 1 -131.8354 262.3009 167.9169
transform "OBJ01" 1 0 0 0 1 0 0 0 1 408.3125 502.8021 -3
transform "PLAYER01" 1 0 0 0 1 0 0 0 1 -130.8093 289.9414 150
transform "0EXT01" 1 0 0 0 1 0 0 0 1 -162.4789 325.9927 200
transform "PROPS01" 1 0 0 0 1 0 0 0 1 -116.4777 268.3455 200
camera -90.7955 233.7314 158.761 -142.9129 282.2589 208.2784 0 32.6531

frame 9
transform "kyles" 0.809 0.5878 0 -0.5878 0.809 0 0 0 1 -131.8353 262.3009 167.9169
transform "OBJ01" 1 0 0 0 1 0 0 0 1 408.3125 502.8021 -3
transform "PLAYER01" 1 0 0 0 1 0 0 0 1 -130.8093 289.9414 150
transform "0EXT01" 1 0 0 0 1 0 0 0 1 -162.4789 325.9927 200
transform "PROPS01" 1 0 0 0 1 0 0 0 1 -116.4777 268.3455 200
camera -90.7955 233.7314 158.761 -142.9129 282.2589 208.2784 0 32.6531

frame 10
transform "kyles" 0.809 0.5878 0 -0.5878 0.809 0 0 0 1 -131.8353 262.3009 167.9169
transform "OBJ01" 1 0 0 0 1 0 0 0 1 408.3125 502.8021 -3
transform "PLAYER01" 1 0 0 0 1 0 0 0 1 -130.8093 289.9414 150
transform "0EXT01" 1 0 0 0 1 0 0 0 1 -162.4789 325.9927 200
transform "PROPS01" 1 0 0 0 1 0 0 0 1 -116.4777 268.3455 200
camera -90.7955 233.7314 158.761 -142.9129 282.2589 208.2784 0 32.6531

frame 11
transform "kyles" 0.8091 0.5876 -0.0078 -0.5876 0.8091 -0.006 0.0027 0.0094 1 -131.8336 262.3092 168.0698
transform "OBJ01" 1 0 0 0 1 0 0 0 1 408.3125 502.8021 -3
transform "PLAYER01" 1 0 0 0 1 0 0 0 1 -130.8093 289.9414 150
transform "0EXT01" 1 0 0 0 1 0 0 0 1 -162.4789 325.9927 200
transform "PROPS01" 1 0 0 0 1 0 0 0 1 -116.4777 268.3455 200
camera -90.7955 233.7314 158.761 -142.9129 282.2589 208.2784 0 32.6531

frame 12
transform "kyles" 0.8092 0.5872 -0.0167 -0.5874 0.8092 -0.0133 0.0058 0.0206 0.9998 -131.8318 262.3195 168.2439
transform "OBJ01" 1 0 0 0 1 0 0 0 1 408.3125 502.8021 -3
transform "PLAYER01" 1 0 0 0 1 0 0 0 1 -130.8093 289.9414 150
transform "0EXT01" 1 0 0 0 1 0 0 0 1 -162.4789 325.9927 200
transform "PROPS01" 1 0 0 0 1 0 0 0 1 -116.4777 268.3455 200
camera -90.7955 233.7314 158.761 -142.9129 282.2589 208.2784 0 32.6531

frame 13
transform "kyles" 0.8093 0.5867 -0.0264 -0.5873 0.8091 -0.0212 0.0089 0.0327 0.9994 -131.8297 262.3311 168.4301
transform "OBJ01" 1 0 0 0 1 0 0 0 1 408.3125 502.8021 -3
transform "PLAYER01" 1 0 0 0 1 0 0 0 1 -130.8093 289.9414 150
transform "0EXT01" 1 0 0 0 1 0 0 0 1 -162.4789 325.9927 200
transform "PROPS01" 1 0 0 0 1 0 0 0 1 -116.4777 268.3455 200
camera -90.7955 233.7314 158.761 -142.9129 282.2589 208.2784 0 32.6531

frame 14
transform "kyles" 0.8094 0.5861 -0.0363 -0.5871 0.809 -0.0293 0.0121 0.045 0.9989 -131.8275 262.3436 168.6192
transform "OBJ01" 1 0 0 0 1 0 0 0 1 408.3125 502.8021 -3
transform "PLAYER01" 1 0 0 0 1 0 0 0 1 -130.8093 289.9414 150
transform "0EXT01" 1 0 0 0 1 0 0 0 1 -162.4789 325.9927 200
transform "PROPS01" 1 0 0 0 1 0 0 0 1 -116.4777 268.3455 200
camera -90.7955 233.7314 158.761 -142.9129 282.2589 208.2784 0 32.6531

frame 15
transform "kyles" 0.8094 0.5854 -0.0457 -0.587 0.8087 -0.0371 0.0153 0.0569 0.9983 -131.8252 262.356 168.8021
transform "OBJ01" 1 0 0 0 1 0 0 0 1 408.3125 502.8021 -3
transform "PLAYER01" 1 0 0 0 1 0 0 0 1 -130.8093 289.9414 150
transform "0EXT01" 1 0 0 0 1 0 0 0 1 -162.4789 325.9927 200
transform "PROPS01" 1 0 0 0 1 0 0 0 1 -116.4777 268.3455 200
camera -90.7955 233.7314 158.761 -142.9129 282.2589 208.2784 0 32.6531

frame 16
transform "kyles" 0.8094 0.5847 -0.0544 -0.5869 0.8085 -0.044 0.0182 0.0675 0.9976 -131.8228 262.3676 168.9696
transform "OBJ01" 1 0 0 0 1 0 0 0 1 408.3125 502.8021 -3
transform "PLAYER01" 1 0 0 0 1 0 0 0 1 -130.8093 289.9414 150
transform "0EXT01" 1 0 0 0 1 0 0 0 1 -162.4789 325.9927 200
transform "PROPS01" 1 0 0 0 1 0 0 0 1 -116.4777 268.3455 200
camera -90.7955 233.7314 158.761 -142.9129 282.2589 208.2784 0 32.6531

frame 17
transform "kyles" 0.8094 0.584 -0.0616 -0.5869 0.8082 -0.0495 0.0209 0.0762 0.9969 -131.8206 262.3773 169.1127
transform "OBJ01" 1 0 0 0 1 0 0 0 1 408.3125 502.8021 -3
transform "PLAYER01" 1 0 0 0 1 0 0 0 1 -130.8093 289.9414 150
transform "0EXT01" 1 0 0 0 1 0 0 0 1 -162.4789 325.9927 200
transform "PROPS01" 1 0 0 0 1 0 0 0 1 -116.4777 268.3455 200
camera -90.7955 233.7314 158.761 -142.9129 282.2589 208.2784 0 32.6531

frame 18
transform "kyles" 0.8094 0.5835 -0.0669 -0.5869 0.8079 -0.053 0.0231 0.0822 0.9964 -131.8186 262.3842 169.2223
transform "OBJ01" 1 0 0 0 1 0 0 0 1 408.3125 502.8021 -3
transform "PLAYER01" 1 0 0 0 1 0 0 0 1 -130.8093 289.9414 150
transform "0EXT01" 1 0 0 0 1 0 0 0 1 -162.4789 325.9927 200
transform "PROPS01" 1 0 0 0 1 0 0 0 1 -116.4777 268.3455 200
camera -90.7955 233.7314 158.761 -142.9129 282.2589 208.2784 0 32.6531

frame 19
transform "kyles" 0.8093 0.5833 -0.0697 -0.5869 0.8078 -0.0542 0.0247 0.0848 0.9961 -131.817 262.3872 169.2893
transform "OBJ01" 1 0 0 0 1 0 0 0 1 408.3125 502.8021 -3
transform "PLAYER01" 1 0 0 0 1 0 0 0 1 -130.8093 289.9414 150
transform "0EXT01" 1 0 0 0 1 0 0 0 1 -162.4789 325.9927 200
transform "PROPS01" 1 0 0 0 1 0 0 0 1 -116.4777 268.3455 200
camera -90.7955 233.7314 158.761 -142.9129 282.2589 208.2784 0 32.6531

frame 20
transform "kyles" 0.8092 0.5834 -0.0697 -0.587 0.8079 -0.0523 0.0257 0.0832 0.9962 -131.8158 262.3855 169.3047
transform "OBJ01" 1 0 0 0 1 0 0 0 1 408.3125 502.8021 -3
transform "PLAYER01" 1 0 0 0 1 0 0 0 1 -130.8093 289.9414 150
transform "0EXT01" 1 0 0 0 1 0 0 0 1 -162.4789 325.9927 200
transform "PROPS01" 1 0 0 0 1 0 0 0 1 -116.4777 268.3455 200
camera -90.7955 233.7314 158.761 -142.9129 282.2589 208.2784 0 32.6531

frame 21
transform "kyles" 0.8082 0.5851 -0.0663 -0.5883 0.8073 -0.0464 0.0263 0.0765 0.9967 -131.811 262.3733 169.255
transform "OBJ01" 1 0 0 0 1 0 0 0 1 408.3125 502.8021 -3
transform "PLAYER01" 1 0 0 0 1 0 0 0 1 -130.8093 289.9414 150
transform "0EXT01" 1 0 0 0 1 0 0 0 1 -162.4789 325.9927 200
transform "PROPS01" 1 0 0 0 1 0 0 0 1 -116.4777 268.3455 200
camera -90.7955 233.7314 158.761 -142.9129 282.2589 208.2784 0 32.6531

frame 22
transform "kyles" 0.806 0.5889 -0.0599 -0.5913 0.8056 -0.0364 0.0268 0.0647 0.9975 -131.8003 262.3488 169.1419
transform "OBJ01" 1 0 0 0 1 0 0 0 1 408.3125 502.8021 -3
transform "PLAYER01" 1 0 0 0 1 0 0 0 1 -130.8093 289.9414 150
transform "0EXT01" 1 0 0 0 1 0 0 0 1 -162.4789 325.9927 200
transform "PROPS01" 1 0 0 0 1 0 0 0 1 -116.4777 268.3455 200
camera -90.7955 233.7314 158.761 -142.9129 282.2589 208.2784 0 32.6531

frame 23
transform "kyles" 0.8029 0.5939 -0.051 -0.5955 0.803 -0.0233 0.0271 0.049 0.9984 -131.7861 262.3165 168.9791
transform "OBJ01" 1 0 0 0 1 0 0 0 1 408.3125 502.8021 -3
transform "PLAYER01" 1 0 0 0 1 0 0 0 1 -130.8093 289.9414 150
transform "0EXT01" 1 0 0 0 1 0 0 0 1 -162.4789 325.9927 200
transform "PROPS01" 1 0 0 0 1 0 0 0 1 -116.4777 268.3455 200
camera -90.7955 233.7314 158.761 -142.9129 282.2589 208.2784 0 32.6531

frame 24
transform "kyles" 0.7996 0.5992 -0.04 -0.5999 0.8001 -0.0081 0.0272 0.0305 0.9992 -131.7712 262.2811 168.7805
transform "OBJ01" 1 0 0 0 1 0 0 0 1 408.3125 502.8021 -3
transform "PLAYER01" 1 0 0 0 1 0 0 0 1 -130.8093 289.9414 150
transform "0EXT01" 1 0 0 0 1 0 0 0 1 -162.4789 325.9927 200
transform "PROPS01" 1 0 0 0 1 0 0 0 1 -116.4777 268.3455 200
camera -90.7955 233.7314 158.761 -142.9129 282.2589 208.2784 0 32.6531

frame 25
transform "kyles" 0.7967 0.6037 -0.0276 -0.6038 0.7971 0.008 0.0269 0.0103 0.9996 -131.7581 262.2471 168.5601
transform "OBJ01" 1 0 0 0 1 0 0 0 1 408.3125 502.8021 -3
transform "PLAYER01" 1 0 0 0 1 0 0 0 1 -130.8093 289.9414 150
transform "0EXT01" 1 0 0 0 1 0 0 0 1 -162.4789 325.9927 200
transform "PROPS01" 1 0 0 0 1 0 0 0 1 -116.4777 268.3455 200
camera -90.7955 233.7314 158.761 -142.9129 282.2589 208.2784 0 32.6531

frame 26
transform "kyles" 0.7947 0.6068 -0.0143 -0.6064 0.7948 0.0242 0.0261 -0.0105 0.9996 -131.7497 262.2186 168.3323
transform "OBJ01" 1 0 0 0 1 0 0 0 1 408.3125 502.8021 -3
transform "PLAYER01" 1 0 0 0 1 0 0 0 1 -130.8093 289.9414 150
transform "0EXT01" 1 0 0 0 1 0 0 0 1 -162.4789 325.9927 200
transform "PROPS01" 1 0 0 0 1 0 0 0 1 -116.4777 268.3455 200
camera -90.7955 233.7314 158.761 -142.9129 282.2589 208.2784 0 32.6531

frame 27
transform "kyles" 0.7942 0.6076 -0.0008 -0.6071 0.7936 0.0394 0.0245 -0.0308 0.9992 -131.7488 262.1996 168.1117
transform "OBJ01" 1 0 0 0 1 0 0 0 1 408.3125 502.8021 -3
transform "PLAYER01" 1 0 0 0 1 0 0 0 1 -130.8093 289.9414 150
transform "0EXT01" 1 0 0 0 1 0 0 0 1 -162.4789 325.9927 200
transform "PROPS01" 1 0 0 0 1 0 0 0 1 -116.4777 268.3455 200
camera -90.7955 233.7314 158.761 -142.9129 282.2589 208.2784 0 32.6531

frame 28
transform "kyles" 0.7959 0.6054 0.0124 -0.6051 0.7944 0.0526 0.022 -0.0494 0.9985 -131.7581 262.1939 167.9129
transform "OBJ01" 1 0 0 0 1 0 0 0 1 408.3125 502.8021 -3
transform "PLAYER01" 1 0 0 0 1 0 0 0 1 -130.8093 289.9414 150
transform "0EXT01" 1 0 0 0 1 0 0 0 1 -162.4789 325.9927 200
transform "PROPS01" 1 0 0 0 1 0 0 0 1 -116.4777 268.3455 200
camera -90.7955 233.7314 158.761 -142.9129 282.2589 208.2784 0 32.6531

frame 29
transform "kyles" 0.8001 0.5994 0.0245 -0.5996 0.7978 0.063 0.0182 -0.0651 0.9977 -131.7803 262.205 167.7508
transform "OBJ01" 1 0 0 0 1 0 0 0 1 408.3125 502.8021 -3
transform "PLAYER01" 1 0 0 0 1 0 0 0 1 -130.8093 289.9414 150
transform "0EXT01" 1 0 0 0 1 0 0 0 1 -162.4789 325.9927 200
transform "PROPS01" 1 0 0 0 1 0 0 0 1 -116.4777 268.3455 200
camera -90.7955 233.7314 158.761 -142.9129 282.2589 208.2784 0 32.6531

frame 30
transform "kyles" 0.8075 0.5889 0.0349 -0.5898 0.8045 0.0697 0.013 -0.0768 0.997 -131.8179 262.2366 167.64
transform "OBJ01" 1 0 0 0 1 0 0 0 1 408.3125 502.8021 -3
transform "PLAYER01" 1 0 0 0 1 0 0 0 1 -130.8093 289.9414 150
transform "0EXT01" 1 0 0 0 1 0 0 0 1 -162.4789 325.9927 200
transform "PROPS01" 1 0 0 0 1 0 0 0 1 -116.4777 268.3455 200
camera -90.7955 233.7314 158.761 -142.9129 282.2589 208.2784 0 32.6531

frame 31
transform "kyles" 0.817 0.5749 0.0447 -0.5766 0.8137 0.0736 0.006 -0.0859 0.9963 -131.8669 262.284 167.5964
transform "OBJ01" 1 0 0 0 1 0 0 0 1 408.3125 502.8021 -3
transform "PLAYER01" 1 0 0 0 1 0 0 0 1 -130.8093 289.9414 150
transform "0EXT01" 1 0 0 0 1 0 0 0 1 -162.4789 325.9927 200
transform "PROPS01" 1 0 0 0 1 0 0 0 1 -116.4777 268.3455 200
camera -90.7955 233.7314 158.761 -142.9129 282.2589 208.2784 0 32.6531

frame 32
transform "kyles" 0.8274 0.5589 0.0553 -0.5616 0.8238 0.0765 -0.0027 -0.0944 0.9955 -131.9213 262.3399 167.5487
transform "OBJ01" 1 0 0 0 1 0 0 0 1 408.3125 502.8021 -3
transform "PLAYER01" 1 0 0 0 1 0 0 0 1 -130.8093 289.9414 150
transform "0EXT01" 1 0 0 0 1 0 0 0 1 -162.4789 325.9927 200
transform "PROPS01" 1 0 0 0 1 0 0 0 1 -116.4777 268.3455 200
camera -90.7955 233.7314 158.761 -142.9129 282.2589 208.2784 0 32.6531

frame 33
transform "kyles" 0.8384 0.541 0.0665 -0.545 0.8348 0.0787 -0.0129 -0.1022 0.9947 -131.98 262.404 167.5029
transform "OBJ01" 1 0 0 0 1 0 0 0 1 408.3125 502.8021 -3
transform "PLAYER01" 1 0 0 0 1 0 0 0 1 -130.8093 289.9414 150
transform "0EXT01" 1 0 0 0 1 0 0 0 1 -162.4789 325.9927 200
transform "PROPS01" 1 0 0 0 1 0 0 0 1 -116.4777 268.3455 200
camera -90.7955 233.7314 158.761 -142.9129 282.2589 208.2784 0 32.6531

frame 34
transform "kyles" 0.8498 0.5214 0.0781 -0.5266 0.8463 0.0801 -0.0243 -0.1092 0.9937 -132.0417 262.4757 167.4689
transform "OBJ01" 1 0 0 0 1 0 0 0 1 408.3125 502.8021 -3
transform "PLAYER01" 1 0 0 0 1 0 0 0 1 -130.8093 289.9414 150
transform "0EXT01" 1 0 0 0 1 0 0 0 1 -162.4789 325.9927 200
transform "PROPS01" 1 0 0 0 1 0 0 0 1 -116.4777 268.3455 200
camera -90.7955 233.7314 158.761 -142.9129 282.2589 208.2784 0 32.6531

frame 35
transform "kyles" 0.8613 0.5001 0.0899 -0.5068 0.8583 0.0811 -0.0366 -0.1154 0.9926 -132.1054 262.5547 167.4598
transform "OBJ01" 1 0 0 0 1 0 0 0 1 408.3125 502.8021 -3
transform "PLAYER01" 1 0 0 0 1 0 0 0 1 -130.8093 289.9414 150
transform "0EXT01" 1 0 0 0 1 0 0 0 1 -162.4789 325.9927 200
transform "PROPS01" 1 0 0 0 1 0 0 0 1 -116.4777 268.3455 200
camera -90.7955 233.7314 158.761 -142.9129 282.2589 208.2784 0 32.6531

frame 36
transform "kyles" 0.8728 0.4773 0.1017 -0.4855 0.8704 0.0818 -0.0495 -0.1207 0.9915 -132.1698 262.6403 167.4921
transform "OBJ01" 1 0 0 0 1 0 0 0 1 408.3125 502.8021 -3
transform "PLAYER01" 1 0 0 0 1 0 0 0 1 -130.8093 289.9414 150
transform "0EXT01" 1 0 0 0 1 0 0 0 1 -162.4789 325.9927 200
transform "PROPS01" 1 0 0 0 1 0 0 0 1 -116.4777 268.3455 200
camera -90.7955 233.7314 158.761 -142.9129 282.2589 208.2784 0 32.6531

frame 37
transform "kyles" 0.8842 0.4532 0.1132 -0.463 0.8826 0.0822 -0.0626 -0.1251 0.9902 -132.2341 262.7321 167.5853
transform "OBJ01" 1 0 0 0 1 0 0 0 1 408.3125 502.8021 -3
transform "PLAYER01" 1 0 0 0 1 0 0 0 1 -130.8093 289.9414 150
transform "0EXT01" 1 0 0 0 1 0 0 0 1 -162.4789 325.9927 200
transform "PROPS01" 1 0 0 0 1 0 0 0 1 -116.4777 268.3455 200
camera -90.7955 233.7314 158.761 -142.9129 282.2589 208.2784 0 32.6531

frame 38
transform "kyles" 0.8952 0.4281 0.1242 -0.4393 0.8946 0.0827 -0.0758 -0.1286 0.9888 -132.2973 262.8292 167.7617
transform "OBJ01" 1 0 0 0 1 0 0 0 1 408.3125 502.8021 -3
transform "PLAYER01" 1 0 0 0 1 0 0 0 1 -130.8093 289.9414 150
transform "0EXT01" 1 0 0 0 1 0 0 0 1 -162.4789 325.9927 200
transform "PROPS01" 1 0 0 0 1 0 0 0 1 -116.4777 268.3455 200
camera -90.7955 233.7314 158.761 -142.9129 282.2589 208.2784 0 32.6531

frame 39
transform "kyles" 0.9057 0.402 0.1346 -0.4146 0.9062 0.0831 -0.0886 -0.1311 0.9874 -132.3587 262.9309 168.0465
transform "OBJ01" 1 0 0 0 1 0 0 0 1 408.3125 502.8021 -3
transform "PLAYER01" 1 0 0 0 1 0 0 0 1 -130.8093 289.9414 150
transform "0EXT01" 1 0 0 0 1 0 0 0 1 -162.4789 325.9927 200
transform "PROPS01" 1 0 0 0 1 0 0 0 1 -116.4777 268.3455 200
camera -90.7955 233.7314 158.761 -142.9129 282.2589 208.2784 0 32.6531

frame 40
transform "kyles" 0.9157 0.3752 0.1441 -0.3891 0.9174 0.0837 -0.1008 -0.1327 0.986 -132.4176 263.0363 168.4668
transform "OBJ01" 1 0 0 0 1 0 0 0 1 408.3125 502.8021 -3
transform "PLAYER01" 1 0 0 0 1 0 0 0 1 -130.8093 289.9414 150
transform "0EXT01" 1 0 0 0 1 0 0 0 1 -162.4789 325.9927 200
transform "PROPS01" 1 0 0 0 1 0 0 0 1 -116.4777 268.3455 200
camera -90.7955 233.7314 158.761 -142.9129 282.2589 208.2784 0 32.6531

frame 41
transform "kyles" 0.925 0.348 0.1524 -0.363 0.928 0.0844 -0.112 -0.1334 0.9847 -132.4734 263.1446 169.0518
transform "OBJ01" 1 0 0 0 1 0 0 0 1 408.3125 502.8021 -3
transform "PLAYER01" 1 0 0 0 1 0 0 0 1 -130.8093 289.9414 150
transform "0EXT01" 1 0 0 0 1 0 0 0 1 -162.4789 325.9927 200
transform "PROPS01" 1 0 0 0 1 0 0 0 1 -116.4777 268.3455 200
camera -90.7955 233.7314 158.761 -142.9129 282.2589 208.2784 0 32.6531

frame 42
transform "kyles" 0.9338 0.3205 0.1593 -0.3364 0.9378 0.0854 -0.1221 -0.1334 0.9835 -132.5257 263.2548 169.8319
transform "OBJ01" 1 0 0 0 1 0 0 0 1 408.3125 502.8021 -3
transform "PLAYER01" 1 0 0 0 1 0 0 0 1 -130.8093 289.9414 150
transform "0EXT01" 1 0 0 0 1 0 0 0 1 -162.4789 325.9927 200
transform "PROPS01" 1 0 0 0 1 0 0 0 1 -116.4777 268.3455 200
camera -90.7955 233.7314 158.761 -142.9129 282.2589 208.2784 0 32.6531

frame 43
transform "kyles" 0.9418 0.2929 0.1647 -0.3097 0.9469 0.0867 -0.1305 -0.1327 0.9825 -132.5742 263.3658 170.8389
transform "OBJ01" 1 0 0 0 1 0 0 0 1 408.3125 502.8021 -3
transform "PLAYER01" 1 0 0 0 1 0 0 0 1 -130.8093 289.9414 150
transform "0EXT01" 1 0 0 0 1 0 0 0 1 -162.4789 325.9927 200
transform "PROPS01" 1 0 0 0 1 0 0 0 1 -116.4777 268.3455 200
camera -90.7955 233.7314 158.761 -142.9129 282.2589 208.2784 0 32.6531

frame 44
transform "kyles" 0.9493 0.2657 0.1682 -0.2829 0.9551 0.0883 -0.1372 -0.1314 0.9818 -132.6186 263.4766 172.1046
transform "OBJ01" 1 0 0 0 1 0 0 0 1 408.3125 502.8021 -3
transform "PLAYER01" 1 0 0 0 1 0 0 0 1 -130.8093 289.9414 150
transform "0EXT01" 1 0 0 0 1 0 0 0 1 -162.4789 325.9927 200
transform "PROPS01" 1 0 0 0 1 0 0 0 1 -116.4777 268.3455 200
camera -90.7955 233.7314 158.761 -142.9129 282.2589 208.2784 0 32.6531

frame 45
transform "kyles" 0.9561 0.2388 0.1697 -0.2564 0.9624 0.0902 -0.1418 -0.1297 0.9814 -132.6588 263.5861 173.6613
transform "OBJ01" 1 0 0 0 1 0 0 0 1 408.3125 502.8021 -3
transform "PLAYER01" 1 0 0 0 1 0 0 0 1 -130.8093 289.9414 150
transform "0EXT01" 1 0 0 0 1 0 0 0 1 -162.4789 325.9927 200
transform "PROPS01" 1 0 0 0 1 0 0 0 1 -116.4777 268.3455 200
camera -90.7955 233.7314 158.761 -142.9129 282.2589 208.2784 0 32.6531

frame 46
transform "kyles" 0.9624 0.2127 0.1688 -0.2303 0.9687 0.0924 -0.1439 -0.1278 0.9813 -132.6947 263.6932 175.5402
transform "OBJ01" 1 0 0 0 1 0 0 0 1 408.3125 502.8021 -3
transform "PLAYER01" 1 0 0 0 1 0 0 0 1 -130.8093 289.9414 150
transform "0EXT01" 1 0 0 0 1 0 0 0 1 -162.4789 325.9927 200
transform "PROPS01" 1 0 0 0 1 0 0 0 1 -116.4777 268.3455 200
camera -90.7955 233.7314 158.761 -142.9129 282.2589 208.2784 0 32.6531

frame 47
transform "kyles" 0.9682 0.1868 0.1663 -0.2043 0.9743 0.0947 -0.1443 -0.1257 0.9815 -132.7272 263.7997 177.7679
transform "OBJ01" 1 0 0 0 1 0 0 0 1 408.3125 502.8021 -3
transform "PLAYER01" 1 0 0 0 1 0 0 0 1 -130.8093 289.9414 150
transform "0EXT01" 1 0 0 0 1 0 0 0 1 -162.4789 325.9927 200
transform "PROPS01" 1 0 0 0 1 0 0 0 1 -116.4777 268.3455 200
camera -90.7955 233.7314 158.761 -142.9129 282.2589 208.2784 0 32.6531

frame 48
transform "kyles" 0.9735 0.1606 0.1629 -0.1778 0.9793 0.0971 -0.1439 -0.1235 0.9819 -132.7569 263.9078 180.3682
transform "OBJ01" 1 0 0 0 1 0 0 0 1 408.3125 502.8021 -3
transform "PLAYER01" 1 0 0 0 1 0 0 0 1 -130.8093 289.9414 150
transform "0EXT01" 1 0 0 0 1 0 0 0 1 -162.4789 325.9927 200
transform "PROPS01" 1 0 0 0 1 0 0 0 1 -116.4777 268.3455 200
camera -90.7955 233.7314 158.761 -142.9129 282.2589 208.2784 0 32.6531

frame 49
transform "kyles" 0.9782 0.134 0.1586 -0.1509 0.9835 0.0995 -0.1426 -0.1213 0.9823 -132.7838 264.0176 183.3654
transform "OBJ01" 1 0 0 0 1 0 0 0 1 408.3125 502.8021 -3
transform "PLAYER01" 1 0 0 0 1 0 0 0 1 -130.8093 289.9414 150
transform "0EXT01" 1 0 0 0 1 0 0 0 1 -162.4789 325.9927 200
transform "PROPS01" 1 0 0 0 1 0 0 0 1 -116.4777 268.3455 200
camera -90.7955 233.7314 158.761 -142.9129 282.2589 208.2784 0 32.6531

frame 50
transform "kyles" 0.9823 0.1072 0.1535 -0.1236 0.9871 0.1018 -0.1406 -0.119 0.9829 -132.8078 264.1288 186.7804
transform "OBJ01" 1 0 0 0 1 0 0 0 1 408.3125 502.8021 -3
transform "PLAYER01" 1 0 0 0 1 0 0 0 1 -130.8093 289.9414 150
transform "0EXT01" 1 0 0 0 1 0 0 0 1 -162.4789 325.9927 200
transform "PROPS01" 1 0 0 0 1 0 0 0 1 -116.4777 268.3455 200
camera -90.7955 233.7314 158.761 -142.9129 282.2589 208.2784 0 32.6531

frame 51
transform "kyles" 0.9858 0.0801 0.1476 -0.0961 0.9899 0.104 -0.1378 -0.1167 0.9836 -132.8286 264.2412 190.6297
transform "OBJ01" 1 0 0 0 1 0 0 0 1 408.3125 502.8021 -3
transform "PLAYER01" 1 0 0 0 1 0 0 0 1 -130.8093 289.9414 150
transform "0EXT01" 1 0 0 0 1 0 0 0 1 -162.4789 325.9927 200
transform "PROPS01" 1 0 0 0 1 0 0 0 1 -116.4777 268.3455 200
camera -90.7955 233.7314 158.761 -142.9129 282.2589 208.2784 0 32.6531

frame 52
transform "kyles" 0.9886 0.0529 0.1411 -0.0682 0.992 0.106 -0.1344 -0.1144 0.9843 -132.8462 264.3547 194.9248
transform "OBJ01" 1 0 0 0 1 0 0 0 1 408.3125 502.8021 -3
transform "PLAYER01" 1 0 0 0 1 0 0 0 1 -130.8093 289.9414 150
transform "0EXT01" 1 0 0 0 1 0 0 0 1 -162.4789 325.9927 200
transform "PROPS01" 1 0 0 0 1 0 0 0 1 -116.4777 268.3455 200
camera -90.7955 233.7314 158.761 -142.9129 282.2589 208.2784 0 32.6531

frame 53
transform "kyles" 0.9907 0.0254 0.1339 -0.04 0.9934 0.1079 -0.1303 -0.1122 0.9851 -132.8605 264.4691 199.6713
transform "OBJ01" 1 0 0 0 1 0 0 0 1 408.3125 502.8021 -3
transform "PLAYER01" 1 0 0 0 1 0 0 0 1 -130.8093 289.9414 150
transform "0EXT01" 1 0 0 0 1 0 0 0 1 -162.4789 325.9927 200
transform "PROPS01" 1 0 0 0 1 0 0 0 1 -116.4777 268.3455 200
camera -90.7955 233.7314 158.761 -142.9129 282.2589 208.2784 0 32.6531

frame 54
transform "kyles" 0.992 -0.0022 0.1262 -0.0117 0.9939 0.1095 -0.1256 -0.1101 0.9859 -132.8712 264.5843 204.8678
transform "OBJ01" 1 0 0 0 1 0 0 0 1 408.3125 502.8021 -3
transform "PLAYER01" 1 0 0 0 1 0 0 0 1 -130.8093 289.9414 150
transform "0EXT01" 1 0 0 0 1 0 0 0 1 -162.4789 325.9927 200
transform "PROPS01" 1 0 0 0 1 0 0 0 1 -116.4777 268.3455 200
camera -90.7955 233.7314 158.761 -142.9129 282.2589 208.2784 0 32.6531

frame 55
transform "kyles" 0.9926 -0.0299 0.1179 0.0168 0.9937 0.1109 -0.1205 -0.1081 0.9868 -132.8785 264.7 210.5049
transform "OBJ01" 1 0 0 0 1 0 0 0 1 408.3125 502.8021 -3
transform "PLAYER01" 1 0 0 0 1 0 0 0 1 -130.8093 289.9414 150
transform "0EXT01" 1 0 0 0 1 0 0 0 1 -162.4789 325.9927 200
transform "PROPS01" 1 0 0 0 1 0 0 0 1 -116.4777 268.3455 200
camera -90.7955 233.7314 158.761 -142.9129 282.2589 208.2784 0 32.6531

frame 56
transform "kyles" 0.9923 -0.0576 0.1092 0.0453 0.9927 0.1119 -0.1148 -0.1061 0.9877 -132.8821 264.816 216.3252
transform "OBJ01" 1 0 0 0 1 0 0 0 1 408.3125 502.8021 -3
transform "PLAYER01" 1 0 0 0 1 0 0 0 1 -130.8093 289.9414 150
transform "0EXT01" 1 0 0 0 1 0 0 0 1 -162.4789 325.9927 200
transform "PROPS01" 1 0 0 0 1 0 0 0 1 -116.4777 268.3455 200
camera -90.7955 233.7314 158.761 -142.9129 282.2589 208.2784 0 32.6531

frame 57
transform "kyles" 0.9913 -0.0854 0.1001 0.0739 0.9909 0.1127 -0.1088 -0.1043 0.9886 -132.8821 264.9323 222.0419
transform "OBJ01" 1 0 0 0 1 0 0 0 1 408.3125 502.8021 -3
transform "PLAYER01" 1 0 0 0 1 0 0 0 1 -130.8093 289.9414 150
transform "0EXT01" 1 0 0 0 1 0 0 0 1 -162.4789 325.9927 200
transform "PROPS01" 1 0 0 0 1 0 0 0 1 -116.4777 268.3455 200
camera -90.7955 233.7314 158.761 -142.9129 282.2589 208.2784 0 32.6531

frame 58
transform "kyles" 0.9894 -0.1131 0.0907 0.1026 0.9883 0.1131 -0.1024 -0.1026 0.9894 -132.8784 265.0486 227.603
transform "OBJ01" 1 0 0 0 1 0 0 0 1 408.3125 502.8021 -3
transform "PLAYER01" 1 0 0 0 1 0 0 0 1 -130.8093 289.9414 150
transform "0EXT01" 1 0 0 0 1 0 0 0 1 -162.4789 325.9927 200
transform "PROPS01" 1 0 0 0 1 0 0 0 1 -116.4777 268.3455 200
camera -90.7955 233.7314 158.761 -142.9129 282.2589 208.2784 0 32.6531

frame 59
transform "kyles" 0.9867 -0.1407 0.081 0.1311 0.9849 0.1132 -0.0957 -0.1011 0.9903 -132.871 265.1646 232.9664
transform "OBJ01" 1 0 0 0 1 0 0 0 1 408.3125 502.8021 -3
transform "PLAYER01" 1 0 0 0 1 0 0 0 1 -130.8093 289.9414 150
transform "0EXT01" 1 0 0 0 1 0 0 0 1 -162.4789 325.9927 200
transform "PROPS01" 1 0 0 0 1 0 0 0 1 -116.4777 268.3455 200
camera -90.7955 233.7314 158.761 -142.9129 282.2589 208.2784 0 32.6531

frame 60
transform "kyles" 0.9832 -0.1682 0.0712 0.1596 0.9807 0.1129 -0.0888 -0.0996 0.991 -132.8599 265.2804 238.0986
transform "OBJ01" 1 0 0 0 1 0 0 0 1 408.3125 502.8021 -3
transform "PLAYER01" 1 0 0 0 1 0 0 0 1 -130.8093 289.9414 150
transform "0EXT01" 1 0 0 0 1 0 0 0 1 -162.4789 325.9927 200
transform "PROPS01" 1 0 0 0 1 0 0 0 1 -116.4777 268.3455 200
camera -90.7955 233.7314 158.761 -142.9129 282.2589 208.2784 0 32.6531

frame 61
transform "kyles" 0.9788 -0.1956 0.0613 0.1879 0.9757 0.1123 -0.0818 -0.0984 0.9918 -132.8451 265.3956 242.974
transform "OBJ01" 1 0 0 0 1 0 0 0 1 408.3125 502.8021 -3
transform "PLAYER01" 1 0 0 0 1 0 0 0 1 -130.8093 289.9414 150
transform "0EXT01" 1 0 0 0 1 0 0 0 1 -162.4789 325.9927 200
transform "PROPS01" 1 0 0 0 1 0 0 0 1 -116.4777 268.3455 200
camera -90.7955 233.7314 158.761 -142.9129 282.2589 208.2784 0 32.6531

frame 62
transform "kyles" 0.9735 -0.2227 0.0513 0.216 0.97 0.1113 -0.0745 -0.0972 0.9925 -132.8267 265.5101 247.5737
transform "OBJ01" 1 0 0 0 1 0 0 0 1 408.3125 502.8021 -3
transform "PLAYER01" 1 0 0 0 1 0 0 0 1 -130.8093 289.9414 150
transform "0EXT01" 1 0 0 0 1 0 0 0 1 -162.4789 325.9927 200
transform "PROPS01" 1 0 0 0 1 0 0 0 1 -116.4777 268.3455 200
camera -90.7955 233.7314 158.761 -142.9129 282.2589 208.2784 0 32.6531

frame 63
transform "kyles" 0.9675 -0.2496 0.0414 0.2439 0.9636 0.1099 -0.0673 -0.0962 0.9931 -132.8047 265.6237 251.885
transform "OBJ01" 1 0 0 0 1 0 0 0 1 408.3125 502.8021 -3
transform "PLAYER01" 1 0 0 0 1 0 0 0 1 -130.8093 289.9414 150
transform "0EXT01" 1 0 0 0 1 0 0 0 1 -162.4789 325.9927 200
transform "PROPS01" 1 0 0 0 1 0 0 0 1 -116.4777 268.3455 200
camera -90.7955 233.7314 158.761 -142.9129 282.2589 208.2784 0 32.6531

frame 64
transform "kyles" 0.9606 -0.2762 0.0315 0.2715 0.9564 0.1081 -0.06 -0.0953 0.9936 -132.7793 265.7363 255.9003
transform "OBJ01" 1 0 0 0 1 0 0 0 1 408.3125 502.8021 -3
transform "PLAYER01" 1 0 0 0 1 0 0 0 1 -130.8093 289.9414 150
transform "0EXT01" 1 0 0 0 1 0 0 0 1 -162.4789 325.9927 200
transform "PROPS01" 1 0 0 0 1 0 0 0 1 -116.4777 268.3455 200
camera -90.7955 233.7314 158.761 -142.9129 282.2589 208.2784 0 32.6531

frame 65
transform "kyles" 0.9529 -0.3025 0.0219 0.2987 0.9484 0.1061 -0.0528 -0.0945 0.9941 -132.7506 265.8477 259.6166
transform "OBJ01" 1 0 0 0 1 0 0 0 1 408.3125 502.8021 -3
transform "PLAYER01" 1 0 0 0 1 0 0 0 1 -130.8093 289.9414 150
transform "0EXT01" 1 0 0 0 1 0 0 0 1 -162.4789 325.9927 200
transform "PROPS01" 1 0 0 0 1 0 0 0 1 -116.4777 268.3455 200
camera -90.7955 233.7314 158.761 -142.9129 282.2589 208.2784 0 32.6531

frame 66
transform "kyles" 0.9444 -0.3285 0.0124 0.3255 0.9398 0.1036 -0.0457 -0.0938 0.9945 -132.7186 265.9578 263.0347
transform "OBJ01" 1 0 0 0 1 0 0 0 1 408.3125 502.8021 -3
transform "PLAYER01" 1 0 0 0 1 0 0 0 1 -130.8093 289.9414 150
transform "0EXT01" 1 0 0 0 1 0 0 0 1 -162.4789 325.9927 200
transform "PROPS01" 1 0 0 0 1 0 0 0 1 -116.4777 268.3455 200
camera -90.7955 233.7314 158.761 -142.9129 282.2589 208.2784 0 32.6531

frame 67
transform "kyles" 0.9352 -0.354 0.0033 0.3519 0.9306 0.1009 -0.0388 -0.0932 0.9949 -132.6836 266.0664 266.1583
transform "OBJ01" 1 0 0 0 1 0 0 0 1 408.3125 502.8021 -3
transform "PLAYER01" 1 0 0 0 1 0 0 0 1 -130.8093 289.9414 150
transform "0EXT01" 1 0 0 0 1 0 0 0 1 -162.4789 325.9927 200
transform "PROPS01" 1 0 0 0 1 0 0 0 1 -116.4777 268.3455 200
camera -90.7955 233.7314 158.761 -142.9129 282.2589 208.2784 0 32.6531

frame 68
transform "kyles" 0.9253 -0.3791 -0.0054 0.3778 0.9207 0.0978 -0.0321 -0.0926 0.9952 -132.6457 266.1735 268.9938
transform "OBJ01" 1 0 0 0 1 0 0 0 1 408.3125 502.8021 -3
transform "PLAYER01" 1 0 0 0 1 0 0 0 1 -130.8093 289.9414 150
transform "0EXT01" 1 0 0 0 1 0 0 0 1 -162.4789 325.9927 200
transform "PROPS01" 1 0 0 0 1 0 0 0 1 -116.4777 268.3455 200
camera -90.7955 233.7314 158.761 -142.9129 282.2589 208.2784 0 32.6531

frame 69
transform "kyles" 0.9148 -0.4038 -0.0137 0.4032 0.9102 0.0945 -0.0257 -0.092 0.9954 -132.605 266.2788 271.5492
transform "OBJ01" 1 0 0 0 1 0 0 0 1 408.3125 502.8021 -3
transform "PLAYER01" 1 0 0 0 1 0 0 0 1 -130.8093 289.9414 150
transform "0EXT01" 1 0 0 0 1 0 0 0 1 -162.4789 325.9927 200
transform "PROPS01" 1 0 0 0 1 0 0 0 1 -116.4777 268.3455 200
camera -90.7955 233.7314 158.761 -142.9129 282.2589 208.2784 0 32.6531

frame 70
transform "kyles" 0.9035 -0.4279 -0.0215 0.428 0.8992 0.091 -0.0196 -0.0914 0.9956 -132.5619 266.3823 273.834
transform "OBJ01" 1 0 0 0 1 0 0 0 1 408.3125 502.8021 -3
transform "PLAYER01" 1 0 0 0 1 0 0 0 1 -130.8093 289.9414 150
transform "0EXT01" 1 0 0 0 1 0 0 0 1 -162.4789 325.9927 200
transform "PROPS01" 1 0 0 0 1 0 0 0 1 -116.4777 268.3455 200
camera -90.7955 233.7314 158.761 -142.9129 282.2589 208.2784 0 32.6531

frame 71
transform "kyles" 0.8918 -0.4516 -0.0288 0.4523 0.8876 0.0872 -0.0139 -0.0908 0.9958 -132.5165 266.4839 275.8587
transform "OBJ01" 1 0 0 0 1 0 0 0 1 408.3125 502.8021 -3
transform "PLAYER01" 1 0 0 0 1 0 0 0 1 -130.8093 289.9414 150
transform "0EXT01" 1 0 0 0 1 0 0 0 1 -162.4789 325.9927 200
transform "PROPS01" 1 0 0 0 1 0 0 0 1 -116.4777 268.3455 200
camera -90.7955 233.7314 158.761 -142.9129 282.2589 208.2784 0 32.6531

frame 72
transform "kyles" 0.8794 -0.4747 -0.0354 0.476 0.8755 0.0833 -0.0086 -0.0901 0.9959 -132.469 266.5836 277.6338
transform "OBJ01" 1 0 0 0 1 0 0 0 1 408.3125 502.8021 -3
transform "PLAYER01" 1 0 0 0 1 0 0 0 1 -130.8093 289.9414 150
transform "0EXT01" 1 0 0 0 1 0 0 0 1 -162.4789 325.9927 200
transform "PROPS01" 1 0 0 0 1 0 0 0 1 -116.4777 268.3455 200
camera -90.7955 233.7314 158.761 -142.9129 282.2589 208.2784 0 32.6531

frame 73
transform "kyles" 0.8666 -0.4973 -0.0413 0.499 0.863 0.0792 -0.0037 -0.0892 0.996 -132.4196 266.6811 279.1701
transform "OBJ01" 1 0 0 0 1 0 0 0 1 408.3125 502.8021 -3
transform "PLAYER01" 1 0 0 0 1 0 0 0 1 -130.8093 289.9414 150
transform "0EXT01" 1 0 0 0 1 0 0 0 1 -162.4789 325.9927 200
transform "PROPS01" 1 0 0 0 1 0 0 0 1 -116.4777 268.3455 200
camera -90.7955 233.7314 158.761 -142.9129 282.2589 208.2784 0 32.6531

frame 74
transform "kyles" 0.8533 -0.5193 -0.0465 0.5214 0.85 0.075 0.0005 -0.0882 0.9961 -132.3687 266.7765 280.4777
transform "OBJ01" 1 0 0 0 1 0 0 0 1 408.3125 502.8021 -3
transform "PLAYER01" 1 0 0 0 1 0 0 0 1 -130.8093 289.9414 150
transform "0EXT01" 1 0 0 0 1 0 0 0 1 -162.4789 325.9927 200
transform "PROPS01" 1 0 0 0 1 0 0 0 1 -116.4777 268.3455 200
camera -90.7955 233.7314 158.761 -142.9129 282.2589 208.2784 0 32.6531

frame 75
transform "kyles" 0.8397 -0.5407 -0.0509 0.543 0.8367 0.0708 0.0043 -0.0871 0.9962 -132.3164 266.8698 281.5662
transform "OBJ01" 1 0 0 0 1 0 0 0 1 408.3125 502.8021 -3
transform "PLAYER01" 1 0 0 0 1 0 0 0 1 -130.8093 289.9414 150
transform "0EXT01" 1 0 0 0 1 0 0 0 1 -162.4789 325.9927 200
transform "PROPS01" 1 0 0 0 1 0 0 0 1 -116.4777 268.3455 200
camera -90.7955 233.7314 158.761 -142.9129 282.2589 208.2784 0 32.6531

frame 76
transform "kyles" 0.8257 -0.5615 -0.0544 0.564 0.8231 0.0666 0.0074 -0.0857 0.9963 -132.263 266.9608 282.4442
transform "OBJ01" 1 0 0 0 1 0 0 0 1 408.3125 502.8021 -3
transform "PLAYER01" 1 0 0 0 1 0 0 0 1 -130.8093 289.9414 150
transform "0EXT01" 1 0 0 0 1 0 0 0 1 -162.4789 325.9927 200
transform "PROPS01" 1 0 0 0 1 0 0 0 1 -116.4777 268.3455 200
camera -90.7955 233.7314 158.761 -142.9129 282.2589 208.2784 0 32.6531

frame 77
transform "kyles" 0.8115 -0.5816 -0.0571 0.5843 0.8091 0.0624 0.0099 -0.084 0.9964 -132.2088 267.0495 283.1187
transform "OBJ01" 1 0 0 0 1 0 0 0 1 408.3125 502.8021 -3
transform "PLAYER01" 1 0 0 0 1 0 0 0 1 -130.8093 289.9414 150
transform "0EXT01" 1 0 0 0 1 0 0 0 1 -162.4789 325.9927 200
transform "PROPS01" 1 0 0 0 1 0 0 0 1 -116.4777 268.3455 200
camera -90.7955 233.7314 158.761 -142.9129 282.2589 208.2784 0 32.6531

frame 78
transform "kyles" 0.797 -0.6011 -0.0588 0.6039 0.7949 0.0583 0.0116 -0.082 0.9966 -132.154 267.1359 283.5958
transform "OBJ01" 1 0 0 0 1 0 0 0 1 408.3125 502.8021 -3
transform "PLAYER01" 1 0 0 0 1 0 0 0 1 -130.8093 289.9414 150
transform "0EXT01" 1 0 0 0 1 0 0 0 1 -162.4789 325.9927 200
transform "PROPS01" 1 0 0 0 1 0 0 0 1 -116.4777 268.3455 200
camera -90.7955 233.7314 158.761 -142.9129 282.2589 208.2784 0 32.6531

frame 79
transform "kyles" 0.7824 -0.62 -0.0595 0.6227 0.7806 0.0544 0.0127 -0.0796 0.9967 -132.0989 267.22 283.8795
transform "OBJ01" 1 0 0 0 1 0 0 0 1 408.3125 502.8021 -3
transform "PLAYER01" 1 0 0 0 1 0 0 0 1 -130.8093 289.9414 150
transform "0EXT01" 1 0 0 0 1 0 0 0 1 -162.4789 325.9927 200
transform "PROPS01" 1 0 0 0 1 0 0 0 1 -116.4777 268.3455 200
camera -90.7955 233.7314 158.761 -142.9129 282.2589 208.2784 0 32.6531

frame 80
transform "kyles" 0.7676 -0.6382 -0.0592 0.6408 0.766 0.0507 0.013 -0.0768 0.997 -132.0436 267.3018 283.9725
transform "OBJ01" 1 0 0 0 1 0 0 0 1 408.3125 502.8021 -3
transform "PLAYER01" 1 0 0 0 1 0 0 0 1 -130.8093 289.9414 150
transform "0EXT01" 1 0 0 0 1 0 0 0 1 -162.4789 325.9927 200
transform "PROPS01" 1 0 0 0 1 0 0 0 1 -116.4777 268.3455 200
camera -90.7955 233.7314 158.761 -142.9129 282.2589 208.2784 0 32.6531

frame 81
transform "kyles" 0.7573 -0.6513 -0.0471 0.653 0.7558 0.0483 0.0041 -0.0673 0.9977 -132.0122 267.3669 283.9239
transform "OBJ01" 1 0 0 0 1 0 0 0 1 408.3125 502.8021 -3
transform "PLAYER01" 1 0 0 0 1 0 0 0 1 -130.8093 289.9414 150
transform "0EXT01" 1 0 0 0 1 0 0 0 1 -162.4789 325.9927 200
transform "PROPS01" 1 0 0 0 1 0 0 0 1 -116.4777 268.3455 200
camera -90.7955 233.7314 158.761 -142.9129 282.2589 208.2784 0 32.6531

frame 82
transform "kyles" 0.7541 -0.6565 -0.0165 0.6565 0.7528 0.0479 -0.019 -0.0469 0.9987 -132.0185 267.4054 283.7989
transform "OBJ01" 1 0 0 0 1 0 0 0 1 408.3125 502.8021 -3
transform "PLAYER01" 1 0 0 0 1 0 0 0 1 -130.8093 289.9414 150
transform "0EXT01" 1 0 0 0 1 0 0 0 1 -162.4789 325.9927 200
transform "PROPS01" 1 0 0 0 1 0 0 0 1 -116.4777 268.3455 200
camera -90.7955 233.7314 158.761 -142.9129 282.2589 208.2784 0 32.6531

frame 83
transform "kyles" 0.7547 -0.6556 0.0264 0.6541 0.7549 0.0487 -0.0519 -0.0195 0.9985 -132.0461 267.4227 283.6218
transform "OBJ01" 1 0 0 0 1 0 0 0 1 408.3125 502.8021 -3
transform "PLAYER01" 1 0 0 0 1 0 0 0 1 -130.8093 289.9414 150
transform "0EXT01" 1 0 0 0 1 0 0 0 1 -162.4789 325.9927 200
transform "PROPS01" 1 0 0 0 1 0 0 0 1 -116.4777 268.3455 200
camera -90.7955 233.7314 158.761 -142.9129 282.2589 208.2784 0 32.6531

frame 84
transform "kyles" 0.7558 -0.6505 0.0754 0.6487 0.7594 0.0498 -0.0896 0.0113 0.9959 -132.0789 267.4247 283.4178
transform "OBJ01" 1 0 0 0 1 0 0 0 1 408.3125 502.8021 -3
transform "PLAYER01" 1 0 0 0 1 0 0 0 1 -130.8093 289.9414 150
transform "0EXT01" 1 0 0 0 1 0 0 0 1 -162.4789 325.9927 200
transform "PROPS01" 1 0 0 0 1 0 0 0 1 -116.4777 268.3455 200
camera -90.7955 233.7314 158.761 -142.9129 282.2589 208.2784 0 32.6531

frame 85
transform "kyles" 0.755 -0.6439 0.1242 0.6433 0.764 0.0505 -0.1274 0.0418 0.991 -132.104 267.4203 283.2127
transform "OBJ01" 1 0 0 0 1 0 0 0 1 408.3125 502.8021 -3
transform "PLAYER01" 1 0 0 0 1 0 0 0 1 -130.8093 289.9414 150
transform "0EXT01" 1 0 0 0 1 0 0 0 1 -162.4789 325.9927 200
transform "PROPS01" 1 0 0 0 1 0 0 0 1 -116.4777 268.3455 200
camera -90.7955 233.7314 158.761 -142.9129 282.2589 208.2784 0 32.6531

frame 86
transform "kyles" 0.7509 -0.6391 0.1666 0.6408 0.766 0.0507 -0.16 0.0687 0.9847 -132.1123 267.4214 283.033
transform "OBJ01" 1 0 0 0 1 0 0 0 1 408.3125 502.8021 -3
transform "PLAYER01" 1 0 0 0 1 0 0 0 1 -130.8093 289.9414 150
transform "0EXT01" 1 0 0 0 1 0 0 0 1 -162.4789 325.9927 200
transform "PROPS01" 1 0 0 0 1 0 0 0 1 -116.4777 268.3455 200
camera -90.7955 233.7314 158.761 -142.9129 282.2589 208.2784 0 32.6531

frame 87
transform "kyles" 0.7509 -0.6391 0.1666 0.6408 0.766 0.0507 -0.16 0.0687 0.9847 -132.2235 267.5341 283.033
transform "OBJ01" 1 0 0 0 1 0 0 0 1 408.3125 502.8021 -3
transform "PLAYER01" 1 0 0 0 1 0 0 0 1 -130.8093 289.9414 150
transform "0EXT01" 1 0 0 0 1 0 0 0 1 -162.4789 325.9927 200
transform "PROPS01" 1 0 0 0 1 0 0 0 1 -116.4777 268.3455 200
camera -90.7955 233.7314 158.761 -142.9129 282.2589 208.2784 0 32.6531

frame 88
transform "kyles" 0.7509 -0.6391 0.1666 0.6408 0.766 0.0507 -0.16 0.0687 0.9847 -132.5572 267.8725 283.033
transform "OBJ01" 1 0 0 0 1 0 0 0 1 408.3125 502.8021 -3
transform "PLAYER01" 1 0 0 0 1 0 0 0 1 -130.8093 289.9414 150
transform "0EXT01" 1 0 0 0 1 0 0 0 1 -162.4789 325.9927 200
transform "PROPS01" 1 0 0 0 1 0 0 0 1 -116.4777 268.3455 200
camera -90.7955 233.7314 158.761 -142.9129 282.2589 208.2784 0 32.6531

frame 89
transform "kyles" 0.7509 -0.6391 0.1666 0.6408 0.766 0.0507 -0.16 0.0687 0.9847 -133.1134 268.4364 283.033
transform "OBJ01" 1 0 0 0 1 0 0 0 1 408.3125 502.8021 -3
transform "PLAYER01" 1 0 0 0 1 0 0 0 1 -130.8093 289.9414 150
transform "0EXT01" 1 0 0 0 1 0 0 0 1 -162.4789 325.9927 200
transform "PROPS01" 1 0 0 0 1 0 0 0 1 -116.4777 268.3455 200
camera -90.7955 233.7314 158.761 -142.9129 282.2589 208.2784 0 32.6531

frame 90
transform "kyles" 0.7509 -0.6391 0.1666 0.6408 0.766 0.0507 -0.16 0.0687 0.9847 -133.892 269.2258 283.033
transform "OBJ01" 1 0 0 0 1 0 0 0 1 408.3125 502.8021 -3
transform "PLAYER01" 1 0 0 0 1 0 0 0 1 -130.8093 289.9414 150
transform "0EXT01" 1 0 0 0 1 0 0 0 1 -162.4789 325.9927 200
transform "PROPS01" 1 0 0 0 1 0 0 0 1 -116.4777 268.3455 200
camera -90.7955 233.7314 158.761 -142.9129 282.2589 208.2784 0 32.6531

frame 91
transform "kyles" 0.7509 -0.6391 0.1666 0.6408 0.766 0.0507 -0.16 0.0687 0.9847 -134.8931 270.2408 283.033
transform "OBJ01" 1 0 0 0 1 0 0 0 1 408.3125 502.8021 -3
transform "PLAYER01" 1 0 0 0 1 0 0 0 1 -130.8093 289.9414 150
transform "0EXT01" 1 0 0 0 1 0 0 0 1 -162.4789 325.9927 200
transform "PROPS01" 1 0 0 0 1 0 0 0 1 -116.4777 268.3455 200
camera -90.7955 233.7314 158.761 -142.9129 282.2589 208.2784 0 32.6531

frame 92
transform "kyles" 0.7509 -0.6391 0.1666 0.6408 0.766 0.0507 -0.16 0.0687 0.9847 -136.1166 271.4814 283.033
transform "OBJ01" 1 0 0 0 1 0 0 0 1 408.3125 502.8021 -3
transform "PLAYER01" 1 0 0 0 1 0 0 0 1 -130.8093 289.9414 150
transform "0EXT01" 1 0 0 0 1 0 0 0 1 -162.4789 325.9927 200
transform "PROPS01" 1 0 0 0 1 0 0 0 1 -116.4777 268.3455 200
camera -90.7955 233.7314 158.761 -142.9129 282.2589 208.2784 0 32.6531

frame 93
transform "kyles" 0.7509 -0.6391 0.1666 0.6408 0.766 0.0507 -0.16 0.0687 0.9847 -137.5627 272.9475 283.033
transform "OBJ01" 1 0 0 0 1 0 0 0 1 408.3125 502.8021 -3
