VERSION 201

frame 0
transform "kyles" -1 0 0 0 -1 0 0 0 1 -186.1995 467.2309 29.4642
transform "0NEW_EXT01" 1 0 0 0 1 0 0 0 1 -66.485 533.338 26
transform "-01" 1 0 0 0 1 0 0 0 1 -395.2172 378.8485 -56.005
camera -150.459 445.1929 17.4206 -205.0462 508.4484 27.2638 0 52.1739

frame 1
transform "kyles" -1 0 0 0 -1 0 0 0 1 -186.1995 467.2309 29.4642
transform "0NEW_EXT01" 1 0 0 0 1 0 0 0 1 -66.485 533.338 26
transform "-01" 1 0 0 0 1 0 0 0 1 -395.2172 378.8485 -56.005
camera -150.459 445.1929 17.4206 -205.0462 508.4484 27.2638 0 52.1739

frame 2
transform "kyles" -1 0 0 0 -1 0 0 0 1 -186.1994 467.2309 29.4642
transform "0NEW_EXT01" 1 0 0 0 1 0 0 0 1 -66.485 533.338 26
transform "-01" 1 0 0 0 1 0 0 0 1 -395.2172 378.8485 -56.005
camera -150.459 445.1929 17.4206 -205.0462 508.4484 27.2638 0 52.1739

frame 3
transform "kyles" -1 0 0 0 -1 0 0 0 1 -186.1994 467.2309 29.4642
transform "0NEW_EXT01" 1 0 0 0 1 0 0 0 1 -66.485 533.338 26
transform "-01" 1 0 0 0 1 0 0 0 1 -395.2172 378.8485 -56.005
camera -150.459 445.1929 17.4206 -205.0462 508.4484 27.2638 0 52.1739

frame 4
transform "kyles" -1 0 0 0 -1 0 0 0 1 -186.1994 467.2309 29.4642
transform "0NEW_EXT01" 1 0 0 0 1 0 0 0 1 -66.485 533.338 26
transform "-01" 1 0 0 0 1 0 0 0 1 -395.2172 378.8485 -56.005
camera -150.459 445.1929 17.4206 -205.0462 508.4484 27.2638 0 52.1739

frame 5
transform "kyles" -1 0 0 0 -1 0 0 0 1 -186.1994 467.2309 29.4642
transform "0NEW_EXT01" 1 0 0 0 1 0 0 0 1 -66.485 533.338 26
transform "-01" 1 0 0 0 1 0 0 0 1 -395.2172 378.8485 -56.005
camera -150.459 445.1929 17.4206 -205.0462 508.4484 27.2638 0 52.1739

frame 6
transform "kyles" -1 0 0 0 -1 0 0 0 1 -186.1994 467.2309 29.4642
transform "0NEW_EXT01" 1 0 0 0 1 0 0 0 1 -66.485 533.338 26
transform "-01" 1 0 0 0 1 0 0 0 1 -395.2172 378.8485 -56.005
camera -150.459 445.1929 17.4206 -205.0462 508.4484 27.2638 0 52.1739

frame 7
transform "kyles" -1 0 0 0 -1 0 0 0 1 -186.1994 467.2309 29.4642
transform "0NEW_EXT01" 1 0 0 0 1 0 0 0 1 -66.485 533.338 26
transform "-01" 1 0 0 0 1 0 0 0 1 -395.2172 378.8485 -56.005
camera -150.459 445.1929 17.4206 -205.0462 508.4484 27.2638 0 52.1739

frame 8
transform "kyles" -1 0 0 0 -1 0 0 0 1 -186.1993 467.2309 29.4641
transform "0NEW_EXT01" 1 0 0 0 1 0 0 0 1 -66.485 533.338 26
transform "-01" 1 0 0 0 1 0 0 0 1 -395.2172 378.8485 -56.005
camera -150.459 445.1929 17.4206 -205.0462 508.4484 27.2638 0 52.1739

frame 9
transform "kyles" -1 0 0 0 -1 0 0 0 1 -186.1993 467.2309 29.4641
transform "0NEW_EXT01" 1 0 0 0 1 0 0 0 1 -66.485 533.338 26
transform "-01" 1 0 0 0 1 0 0 0 1 -395.2172 378.8485 -56.005
camera -150.459 445.1929 17.4206 -205.0462 508.4484 27.2638 0 52.1739

frame 10
transform "kyles" -1 0 0 0 -1 0 0 0 1 -186.1993 467.2309 29.4641
transform "0NEW_EXT01" 1 0 0 0 1 0 0 0 1 -66.485 533.338 26
transform "-01" 1 0 0 0 1 0 0 0 1 -395.2172 378.8485 -56.005
camera -150.459 445.1929 17.4206 -205.0462 508.4484 27.2638 0 52.1739

frame 11
transform "kyles" -1 0 0 0 -1 0 0 0 1 -186.1993 467.2309 29.4641
transform "0NEW_EXT01" 1 0 0 0 1 0 0 0 1 -66.485 533.338 26
transform "-01" 1 0 0 0 1 0 0 0 1 -395.2172 378.8485 -56.005
camera -150.459 445.1929 17.4206 -205.0462 508.4484 27.2638 0 52.1739

frame 12
transform "kyles" -1 0 0 0 -1 0 0 0 1 -186.1992 467.2309 29.4641
transform "0NEW_EXT01" 1 0 0 0 1 0 0 0 1 -66.485 533.338 26
transform "-01" 1 0 0 0 1 0 0 0 1 -395.2172 378.8485 -56.005
camera -150.459 445.1929 17.4206 -205.0462 508.4484 27.2638 0 52.1739

frame 13
transform "kyles" -1 0 0 0 -1 0 0 0 1 -186.1992 467.2309 29.4641
transform "0NEW_EXT01" 1 0 0 0 1 0 0 0 1 -66.485 533.338 26
transform "-01" 1 0 0 0 1 0 0 0 1 -395.2172 378.8485 -56.005
camera -150.459 445.1929 17.4206 -205.0462 508.4484 27.2638 0 52.1739

frame 14
transform "kyles" -1 0 0 0 -1 0 0 0 1 -186.1992 467.2309 29.4641
transform "0NEW_EXT01" 1 0 0 0 1 0 0 0 1 -66.485 533.338 26
transform "-01" 1 0 0 0 1 0 0 0 1 -395.2172 378.8485 -56.005
camera -150.459 445.1929 17.4206 -205.0462 508.4484 27.2638 0 52.1739

frame 15
transform "kyles" -1 0 0 0 -1 0 0 0 1 -186.1992 467.2309 29.4641
transform "0NEW_EXT01" 1 0 0 0 1 0 0 0 1 -66.485 533.338 26
transform "-01" 1 0 0 0 1 0 0 0 1 -395.2172 378.8485 -56.005
camera -150.459 445.1929 17.4206 -205.0462 508.4484 27.2638 0 52.1739

frame 16
transform "kyles" -1 0 0 0 -1 0 0 0 1 -186.1992 467.2309 29.4641
transform "0NEW_EXT01" 1 0 0 0 1 0 0 0 1 -66.485 533.338 26
transform "-01" 1 0 0 0 1 0 0 0 1 -395.2172 378.8485 -56.005
camera -150.459 445.1929 17.4206 -205.0462 508.4484 27.2638 0 52.1739

frame 17
transform "kyles" -1 0 0 0 -1 0 0 0 1 -186.1991 467.2309 29.4641
transform "0NEW_EXT01" 1 0 0 0 1 0 0 0 1 -66.485 533.338 26
transform "-01" 1 0 0 0 1 0 0 0 1 -395.2172 378.8485 -56.005
camera -150.459 445.1929 17.4206 -205.0462 508.4484 27.2638 0 52.1739

frame 18
transform "kyles" -1 0 0 0 -1 0 0 0 1 -186.1991 467.2309 29.4641
transform "0NEW_EXT01" 1 0 0 0 1 0 0 0 1 -66.485 533.338 26
transform "-01" 1 0 0 0 1 0 0 0 1 -395.2172 378.8485 -56.005
camera -150.459 445.1929 17.4206 -205.0462 508.4484 27.2638 0 52.1739

frame 19
transform "kyles" -1 0 0 0 -1 0 0 0 1 -186.1991 467.2309 29.4641
transform "0NEW_EXT01" 1 0 0 0 1 0 0 0 1 -66.485 533.338 26
transform "-01" 1 0 0 0 1 0 0 0 1 -395.2172 378.8485 -56.005
camera -150.459 445.1929 17.4206 -205.0462 508.4484 27.2638 0 52.1739

frame 20
transform "kyles" -1 0 0 0 -1 0 0 0 1 -186.1991 467.2309 29.4641
transform "0NEW_EXT01" 1 0 0 0 1 0 0 0 1 -66.485 533.338 26
transform "-01" 1 0 0 0 1 0 0 0 1 -395.2172 378.8485 -56.005
camera -150.459 445.1929 17.4206 -205.0462 508.4484 27.2638 0 52.1739

frame 21
transform "kyles" -0.9999 0 0.0129 0 -1 -0.0004 0.0129 -0.0004 0.9999 -186.2072 467.2305 29.8805
transform "0NEW_EXT01" 1 0 0 0 1 0 0 0 1 -66.485 533.338 26
transform "-01" 1 0 0 0 1 0 0 0 1 -395.2172 378.8485 -56.005
camera -150.459 445.1929 17.4206 -205.0462 508.4484 27.2638 0 52.1739

frame 22
transform "kyles" -0.9997 0 0.026 0 -1 -0.0016 0.026 -0.0016 0.9997 -186.216 467.2297 30.2966
transform "0NEW_EXT01" 1 0 0 0 1 0 0 0 1 -66.485 533.338 26
transform "-01" 1 0 0 0 1 0 0 0 1 -395.2172 378.8485 -56.005
camera -150.459 445.1929 17.4206 -205.0462 508.4484 27.2638 0 52.1739

frame 23
transform "kyles" -0.9992 -0.0001 0.039 -0.0001 -1 -0.0034 0.039 -0.0034 0.9992 -186.2254 467.2285 30.7125
transform "0NEW_EXT01" 1 0 0 0 1 0 0 0 1 -66.485 533.338 26
transform "-01" 1 0 0 0 1 0 0 0 1 -395.2172 378.8485 -56.005
camera -150.459 445.1929 17.4206 -205.0462 508.4484 27.2638 0 52.1739

frame 24
transform "kyles" -0.9986 -0.0001 0.0521 -0.0001 -1 -0.0055 0.0521 -0.0055 0.9986 -186.2355 467.2271 31.1283
transform "0NEW_EXT01" 1 0 0 0 1 0 0 0 1 -66.485 533.338 26
transform "-01" 1 0 0 0 1 0 0 0 1 -395.2172 378.8485 -56.005
camera -150.459 445.1929 17.4206 -205.0462 508.4484 27.2638 0 52.1739

frame 25
transform "kyles" -0.9979 -0.0003 0.0652 -0.0003 -1 -0.0078 0.0652 -0.0078 0.9978 -186.2463 467.2257 31.544
transform "0NEW_EXT01" 1 0 0 0 1 0 0 0 1 -66.485 533.338 26
transform "-01" 1 0 0 0 1 0 0 0 1 -395.2172 378.8485 -56.005
camera -150.459 445.1929 17.4206 -205.0462 508.4484 27.2638 0 52.1739

frame 26
transform "kyles" -0.9969 -0.0004 0.0783 -0.0004 -0.9999 -0.0101 0.0783 -0.0101 0.9969 -186.2578 467.2245 31.9596
transform "0NEW_EXT01" 1 0 0 0 1 0 0 0 1 -66.485 533.338 26
transform "-01" 1 0 0 0 1 0 0 0 1 -395.2172 378.8485 -56.005
camera -150.459 445.1929 17.4206 -205.0462 508.4484 27.2638 0 52.1739

frame 27
transform "kyles" -0.9958 -0.0006 0.0914 -0.0006 -0.9999 -0.0122 0.0914 -0.0122 0.9957 -186.27 467.2235 32.3752
transform "0NEW_EXT01" 1 0 0 0 1 0 0 0 1 -66.485 533.338 26
transform "-01" 1 0 0 0 1 0 0 0 1 -395.2172 378.8485 -56.005
camera -150.459 445.1929 17.4206 -205.0462 508.4484 27.2638 0 52.1739

frame 28
transform "kyles" -0.9945 -0.0007 0.1044 -0.0007 -0.9999 -0.0139 0.1044 -0.0139 0.9944 -186.283 467.2228 32.7907
transform "0NEW_EXT01" 1 0 0 0 1 0 0 0 1 -66.485 533.338 26
transform "-01" 1 0 0 0 1 0 0 0 1 -395.2172 378.8485 -56.005
camera -150.459 445.1929 17.4206 -205.0462 508.4484 27.2638 0 52.1739

frame 29
transform "kyles" -0.9931 -0.0009 0.1173 -0.0009 -0.9999 -0.0151 0.1173 -0.0151 0.993 -186.2966 467.2225 33.2061
transform "0NEW_EXT01" 1 0 0 0 1 0 0 0 1 -66.485 533.338 26
transform "-01" 1 0 0 0 1 0 0 0 1 -395.2172 378.8485 -56.005
camera -150.459 445.1929 17.4206 -205.0462 508.4484 27.2638 0 52.1739

frame 30
transform "kyles" -0.9915 -0.001 0.1301 -0.001 -0.9999 -0.0155 0.1301 -0.0155 0.9914 -186.3111 467.2227 33.6217
transform "0NEW_EXT01" 1 0 0 0 1 0 0 0 1 -66.485 533.338 26
transform "-01" 1 0 0 0 1 0 0 0 1 -395.2172 378.8485 -56.005
camera -150.459 445.1929 17.4206 -205.0462 508.4484 27.2638 0 52.1739

frame 31
transform "kyles" -0.9897 -0.0011 0.1429 -0.0011 -0.9999 -0.015 0.1429 -0.015 0.9896 -186.3262 467.2234 34.0372
transform "0NEW_EXT01" 1 0 0 0 1 0 0 0 1 -66.485 533.338 26
transform "-01" 1 0 0 0 1 0 0 0 1 -395.2172 378.8485 -56.005
camera -150.459 445.1929 17.4206 -205.0462 508.4484 27.2638 0 52.1739

frame 32
transform "kyles" -0.9878 -0.001 0.1555 -0.001 -0.9999 -0.0134 0.1555 -0.0134 0.9878 -186.3421 467.2245 34.4528
transform "0NEW_EXT01" 1 0 0 0 1 0 0 0 1 -66.485 533.338 26
transform "-01" 1 0 0 0 1 0 0 0 1 -395.2172 378.8485 -56.005
camera -150.459 445.1929 17.4206 -205.0462 508.4484 27.2638 0 52.1739

frame 33
transform "kyles" -0.9858 -0.0009 0.1679 -0.0009 -0.9999 -0.0105 0.1679 -0.0105 0.9857 -186.3587 467.2262 34.8686
transform "0NEW_EXT01" 1 0 0 0 1 0 0 0 1 -66.485 533.338 26
transform "-01" 1 0 0 0 1 0 0 0 1 -395.2172 378.8485 -56.005
camera -150.459 445.1929 17.4206 -205.0462 508.4484 27.2638 0 52.1739

frame 34
transform "kyles" -0.9836 -0.0005 0.1802 -0.0006 -1 -0.0061 0.1802 -0.0061 0.9836 -186.3761 467.2283 35.2845
transform "0NEW_EXT01" 1 0 0 0 1 0 0 0 1 -66.485 533.338 26
transform "-01" 1 0 0 0 1 0 0 0 1 -395.2172 378.8485 -56.005
camera -150.459 445.1929 17.4206 -205.0462 508.4484 27.2638 0 52.1739

frame 35
transform "kyles" -0.9813 0 0.1923 0 -1 0 0.1923 0 0.9813 -186.3941 467.2309 35.7005
transform "0NEW_EXT01" 1 0 0 0 1 0 0 0 1 -66.485 533.338 26
transform "-01" 1 0 0 0 1 0 0 0 1 -395.2172 378.8485 -56.005
camera -150.459 445.1929 17.4206 -205.0462 508.4484 27.2638 0 52.1739

frame 36
transform "kyles" -0.9784 0.0067 0.2068 -0.0046 -0.9999 0.0109 0.2068 0.0097 0.9783 -186.4115 467.2108 36.1046
transform "0NEW_EXT01" 1 0 0 0 1 0 0 0 1 -66.485 533.338 26
transform "-01" 1 0 0 0 1 0 0 0 1 -395.2172 378.8485 -56.005
camera -150.459 445.1929 17.4206 -205.0462 508.4484 27.2638 0 52.1739

frame 37
transform "kyles" -0.9746 0.0201 0.2231 -0.0138 -0.9995 0.03 0.2236 0.0261 0.9743 -186.4289 467.1686 36.4976
transform "0NEW_EXT01" 1 0 0 0 1 0 0 0 1 -66.485 533.338 26
transform "-01" 1 0 0 0 1 0 0 0 1 -395.2172 378.8485 -56.005
camera -150.459 445.1929 17.4206 -205.0462 508.4484 27.2638 0 52.1739

frame 38
transform "kyles" -0.971 0.032 0.2368 -0.0188 -0.9982 0.0575 0.2382 0.0514 0.9699 -186.4483 467.1396 36.8986
transform "0NEW_EXT01" 1 0 0 0 1 0 0 0 1 -66.485 533.338 26
transform "-01" 1 0 0 0 1 0 0 0 1 -395.2172 378.8485 -56.005
camera -150.459 445.1929 17.4206 -205.0462 508.4484 27.2638 0 52.1739

frame 39
transform "kyles" -0.9693 0.0339 0.2437 -0.0112 -0.9955 0.0936 0.2458 0.088 0.9653 -186.4701 467.1601 37.3245
transform "0NEW_EXT01" 1 0 0 0 1 0 0 0 1 -66.485 533.338 26
transform "-01" 1 0 0 0 1 0 0 0 1 -395.2172 378.8485 -56.005
camera -150.459 445.1929 17.4206 -205.0462 508.4484 27.2638 0 52.1739

frame 40
transform "kyles" -0.9704 0.017 0.2407 0.017 -0.9903 0.1381 0.2407 0.1381 0.9607 -186.4963 467.2679 37.7884
transform "0NEW_EXT01" 1 0 0 0 1 0 0 0 1 -66.485 533.338 26
transform "-01" 1 0 0 0 1 0 0 0 1 -395.2172 378.8485 -56.005
camera -150.459 445.1929 17.4206 -205.0462 508.4484 27.2638 0 52.1739

frame 41
transform "kyles" -0.9771 -0.0446 0.2079 0.0929 -0.969 0.2291 0.1912 0.2432 0.951 -186.6374 467.7328 38.3592
transform "0NEW_EXT01" 1 0 0 0 1 0 0 0 1 -66.485 533.338 26
transform "-01" 1 0 0 0 1 0 0 0 1 -395.2172 378.8485 -56.005
camera -150.459 445.1929 17.4206 -205.0462 508.4484 27.2638 0 52.1739

frame 42
transform "kyles" -0.9748 -0.1492 0.1658 0.1991 -0.9172 0.3452 0.1006 0.3696 0.9238 -187.022 468.6439 38.9494
transform "0NEW_EXT01" 1 0 0 0 1 0 0 0 1 -66.485 533.338 26
transform "-01" 1 0 0 0 1 0 0 0 1 -395.2172 378.8485 -56.005
camera -150.459 445.1929 17.4206 -205.0462 508.4484 27.2638 0 52.1739

frame 43
transform "kyles" -0.9551 -0.2508 0.1577 0.2938 -0.8696 0.3968 0.0376 0.4253 0.9043 -187.6007 469.7375 39.4281
transform "0NEW_EXT01" 1 0 0 0 1 0 0 0 1 -66.485 533.338 26
transform "-01" 1 0 0 0 1 0 0 0 1 -395.2172 378.8485 -56.005
camera -150.459 445.1929 17.4206 -205.0462 508.4484 27.2638 0 52.1739

frame 44
transform "kyles" -0.9261 -0.3343 0.175 0.3768 -0.8432 0.3835 0.0193 0.4211 0.9068 -188.3111 470.9531 39.8399
transform "0NEW_EXT01" 1 0 0 0 1 0 0 0 1 -66.485 533.338 26
transform "-01" 1 0 0 0 1 0 0 0 1 -395.2172 378.8485 -56.005
camera -150.459 445.1929 17.4206 -205.0462 508.4484 27.2638 0 52.1739

frame 45
transform "kyles" -0.8875 -0.4183 0.1933 0.4607 -0.8096 0.3637 0.0043 0.4118 0.9112 -189.1752 472.39 40.249
transform "0NEW_EXT01" 1 0 0 0 1 0 0 0 1 -66.485 533.338 26
transform "-01" 1 0 0 0 1 0 0 0 1 -395.2172 378.8485 -56.005
camera -150.459 445.1929 17.4206 -205.0462 508.4484 27.2638 0 52.1739

frame 46
transform "kyles" -0.8393 -0.501 0.2112 0.5437 -0.7684 0.3377 -0.0069 0.3982 0.9173 -190.177 474.0295 40.6587
transform "0NEW_EXT01" 1 0 0 0 1 0 0 0 1 -66.485 533.338 26
transform "-01" 1 0 0 0 1 0 0 0 1 -395.2172 378.8485 -56.005
camera -150.459 445.1929 17.4206 -205.0462 508.4484 27.2638 0 52.1739

frame 47
transform "kyles" -0.7816 -0.5808 0.2275 0.6236 -0.7194 0.306 -0.014 0.381 0.9245 -191.2987 475.8531 41.072
transform "0NEW_EXT01" 1 0 0 0 1 0 0 0 1 -66.485 533.338 26
transform "-01" 1 0 0 0 1 0 0 0 1 -395.2172 378.8485 -56.005
camera -150.459 445.1929 17.4206 -205.0462 508.4484 27.2638 0 52.1739

frame 48
transform "kyles" -0.7152 -0.656 0.241 0.6987 -0.6628 0.2693 -0.0169 0.361 0.9324 -192.521 477.8429 41.491
transform "0NEW_EXT01" 1 0 0 0 1 0 0 0 1 -66.485 533.338 26
transform "-01" 1 0 0 0 1 0 0 0 1 -395.2172 378.8485 -56.005
camera -150.459 445.1929 17.4206 -205.0462 508.4484 27.2638 0 52.1739

frame 49
transform "kyles" -0.6413 -0.7252 0.2508 0.7672 -0.5993 0.2286 -0.0155 0.339 0.9406 -193.8231 479.9818 41.9171
transform "0NEW_EXT01" 1 0 0 0 1 0 0 0 1 -66.485 533.338 26
transform "-01" 1 0 0 0 1 0 0 0 1 -395.2172 378.8485 -56.005
camera -150.459 445.1929 17.4206 -205.0462 508.4484 27.2638 0 52.1739

frame 50
transform "kyles" -0.5611 -0.7871 0.2562 0.8277 -0.5298 0.1851 -0.0099 0.3159 0.9487 -195.1832 482.2538 42.3504
transform "0NEW_EXT01" 1 0 0 0 1 0 0 0 1 -66.485 533.338 26
transform "-01" 1 0 0 0 1 0 0 0 1 -395.2172 378.8485 -56.005
camera -150.459 445.1929 17.4206 -205.0462 508.4484 27.2638 0 52.1739

frame 51
transform "kyles" -0.4765 -0.8408 0.2568 0.8792 -0.4555 0.1399 -0.0007 0.2925 0.9563 -196.5783 484.6441 42.79
transform "0NEW_EXT01" 1 0 0 0 1 0 0 0 1 -66.485 533.338 26
transform "-01" 1 0 0 0 1 0 0 0 1 -395.2172 378.8485 -56.005
camera -150.459 445.1929 17.4206 -205.0462 508.4484 27.2638 0 52.1739

frame 52
transform "kyles" -0.3893 -0.8858 0.2526 0.9211 -0.3778 0.0945 0.0118 0.2694 0.963 -197.9852 487.1393 43.2338
transform "0NEW_EXT01" 1 0 0 0 1 0 0 0 1 -66.485 533.338 26
transform "-01" 1 0 0 0 1 0 0 0 1 -395.2172 378.8485 -56.005
camera -150.459 445.1929 17.4206 -205.0462 508.4484 27.2638 0 52.1739

frame 53
transform "kyles" -0.3015 -0.9218 0.2436 0.9531 -0.2985 0.05 0.0266 0.2472 0.9686 -199.3807 489.7275 43.6783
transform "0NEW_EXT01" 1 0 0 0 1 0 0 0 1 -66.485 533.338 26
transform "-01" 1 0 0 0 1 0 0 0 1 -395.2172 378.8485 -56.005
camera -150.459 445.1929 17.4206 -205.0462 508.4484 27.2638 0 52.1739

frame 54
transform "kyles" -0.215 -0.9491 0.2304 0.9757 -0.2191 0.0079 0.043 0.2265 0.9731 -200.7418 492.3985 44.1193
transform "0NEW_EXT01" 1 0 0 0 1 0 0 0 1 -66.485 533.338 26
transform "-01" 1 0 0 0 1 0 0 0 1 -395.2172 378.8485 -56.005
camera -150.459 445.1929 17.4206 -205.0462 508.4484 27.2638 0 52.1739

frame 55
transform "kyles" -0.1317 -0.968 0.2138 0.9895 -0.1414 -0.0309 0.0601 0.2074 0.9764 -202.0463 495.143 44.5514
transform "0NEW_EXT01" 1 0 0 0 1 0 0 0 1 -66.485 533.338 26
transform "-01" 1 0 0 0 1 0 0 0 1 -395.2172 378.8485 -56.005
camera -150.459 445.1929 17.4206 -205.0462 508.4484 27.2638 0 52.1739

frame 56
transform "kyles" -0.0531 -0.9794 0.1946 0.9956 -0.067 -0.0651 0.0768 0.1903 0.9787 -203.2728 497.9532 44.9687
transform "0NEW_EXT01" 1 0 0 0 1 0 0 0 1 -66.485 533.338 26
transform "-01" 1 0 0 0 1 0 0 0 1 -395.2172 378.8485 -56.005
camera -150.459 445.1929 17.4206 -205.0462 508.4484 27.2638 0 52.1739

frame 57
transform "kyles" 0.0192 -0.9846 0.174 0.9956 0.0028 -0.0942 0.0922 0.175 0.9802 -204.4012 500.8221 45.3648
transform "0NEW_EXT01" 1 0 0 0 1 0 0 0 1 -66.485 533.338 26
transform "-01" 1 0 0 0 1 0 0 0 1 -395.2172 378.8485 -56.005
camera -150.459 445.1929 17.4206 -205.0462 508.4484 27.2638 0 52.1739

frame 58
transform "kyles" 0.0842 -0.9846 0.153 0.9909 0.0665 -0.1173 0.1053 0.1615 0.9812 -205.4124 503.7434 45.733
transform "0NEW_EXT01" 1 0 0 0 1 0 0 0 1 -66.485 533.338 26
transform "-01" 1 0 0 0 1 0 0 0 1 -395.2172 378.8485 -56.005
camera -150.459 445.1929 17.4206 -205.0462 508.4484 27.2638 0 52.1739

frame 59
transform "kyles" 0.1411 -0.981 0.133 0.9833 0.1232 -0.134 0.1151 0.1496 0.982 -206.2884 506.7112 46.0668
transform "0NEW_EXT01" 1 0 0 0 1 0 0 0 1 -66.485 533.338 26
transform "-01" 1 0 0 0 1 0 0 0 1 -395.2172 378.8485 -56.005
camera -150.459 445.1929 17.4206 -205.0462 508.4484 27.2638 0 52.1739

frame 60
transform "kyles" 0.1891 -0.9752 0.1149 0.9745 0.172 -0.144 0.1207 0.1392 0.9829 -207.012 509.7194 46.3597
transform "0NEW_EXT01" 1 0 0 0 1 0 0 0 1 -66.485 533.338 26
transform "-01" 1 0 0 0 1 0 0 0 1 -395.2172 378.8485 -56.005
camera -150.459 445.1929 17.4206 -205.0462 508.4484 27.2638 0 52.1739

frame 61
transform "kyles" 0.22 -0.9703 0.1005 0.968 0.2045 -0.1452 0.1204 0.1292 0.9843 -207.5354 512.8959 46.5997
transform "0NEW_EXT01" 1 0 0 0 1 0 0 0 1 -66.485 533.338 26
transform "-01" 1 0 0 0 1 0 0 0 1 -395.2172 378.8485 -56.005
camera -150.459 445.1929 17.4206 -205.0462 508.4484 27.2638 0 52.1739

frame 62
transform "kyles" 0.2291 -0.9692 0.0906 0.9667 0.2157 -0.1373 0.1135 0.119 0.9864 -207.846 516.3575 46.7823
transform "0NEW_EXT01" 1 0 0 0 1 0 0 0 1 -66.485 533.338 26
transform "-01" 1 0 0 0 1 0 0 0 1 -395.2172 378.8485 -56.005
camera -150.459 445.1929 17.4206 -205.0462 508.4484 27.2638 0 52.1739

frame 63
transform "kyles" 0.2207 -0.9717 0.0844 0.9701 0.2097 -0.1222 0.101 0.1088 0.9889 -207.978 520.0762 46.9137
transform "0NEW_EXT01" 1 0 0 0 1 0 0 0 1 -66.485 533.338 26
transform "-01" 1 0 0 0 1 0 0 0 1 -395.2172 378.8485 -56.005
camera -150.459 445.1929 17.4206 -205.0462 508.4484 27.2638 0 52.1739

frame 64
transform "kyles" 0.1985 -0.9767 0.0809 0.9765 0.1901 -0.1013 0.0836 0.0991 0.9916 -207.9641 524.0202 47.0014
transform "0NEW_EXT01" 1 0 0 0 1 0 0 0 1 -66.485 533.338 26
transform "-01" 1 0 0 0 1 0 0 0 1 -395.2172 378.8485 -56.005
camera -150.459 445.1929 17.4206 -205.0462 508.4484 27.2638 0 52.1739

frame 65
transform "kyles" 0.1666 -0.9829 0.0791 0.9841 0.1607 -0.0762 0.0622 0.0905 0.994 -207.8365 528.1566 47.0532
transform "0NEW_EXT01" 1 0 0 0 1 0 0 0 1 -66.485 533.338 26
transform "-01" 1 0 0 0 1 0 0 0 1 -395.2172 378.8485 -56.005
camera -150.459 445.1929 17.4206 -205.0462 508.4484 27.2638 0 52.1739

frame 66
transform "kyles" 0.1288 -0.9886 0.0778 0.9909 0.1253 -0.0482 0.038 0.0833 0.9958 -207.6275 532.4521 47.0764
transform "0NEW_EXT01" 1 0 0 0 1 0 0 0 1 -66.485 533.338 26
transform "-01" 1 0 0 0 1 0 0 0 1 -395.2172 378.8485 -56.005
camera -150.459 445.1929 17.4206 -205.0462 508.4484 27.2638 0 52.1739

frame 67
transform "kyles" 0.0892 -0.9931 0.0764 0.9959 0.088 -0.0188 0.012 0.0777 0.9969 -207.3702 536.8756 47.0772
transform "0NEW_EXT01" 1 0 0 0 1 0 0 0 1 -66.485 533.338 26
transform "-01" 1 0 0 0 1 0 0 0 1 -395.2172 378.8485 -56.005
camera -150.459 445.1929 17.4206 -205.0462 508.4484 27.2638 0 52.1739

frame 68
transform "kyles" 0.0519 -0.9959 0.0745 0.9985 0.0528 0.0105 -0.0144 0.0738 0.9972 -207.0983 541.3978 47.0606
transform "0NEW_EXT01" 1 0 0 0 1 0 0 0 1 -66.485 533.338 26
transform "-01" 1 0 0 0 1 0 0 0 1 -395.2172 378.8485 -56.005
camera -150.459 445.1929 17.4206 -205.0462 508.4484 27.2638 0 52.1739

frame 69
transform "kyles" 0.0212 -0.9972 0.072 0.999 0.0241 0.0383 -0.04 0.0711 0.9967 -206.8458 545.9917 47.0304
transform "0NEW_EXT01" 1 0 0 0 1 0 0 0 1 -66.485 533.338 26
transform "-01" 1 0 0 0 1 0 0 0 1 -395.2172 378.8485 -56.005
camera -150.459 445.1929 17.4206 -205.0462 508.4484 27.2638 0 52.1739

frame 70
transform "kyles" 0.0014 -0.9976 0.0692 0.998 0.0058 0.0632 -0.0634 0.0689 0.9956 -206.6469 550.6315 46.989
transform "0NEW_EXT01" 1 0 0 0 1 0 0 0 1 -66.485 533.338 26
transform "-01" 1 0 0 0 1 0 0 0 1 -395.2172 378.8485 -56.005
camera -150.459 445.1929 17.4206 -205.0462 508.4484 27.2638 0 52.1739

frame 71
transform "kyles" -0.0036 -0.9978 0.0665 0.9965 0.002 0.0836 -0.0836 0.0665 0.9943 -206.5355 555.2916 46.9385
transform "0NEW_EXT01" 1 0 0 0 1 0 0 0 1 -66.485 533.338 26
transform "-01" 1 0 0 0 1 0 0 0 1 -395.2172 378.8485 -56.005
camera -150.459 445.1929 17.4206 -205.0462 508.4484 27.2638 0 52.1739

frame 72
transform "kyles" 0.0043 -0.9979 0.0652 0.9946 0.011 0.1032 -0.1037 0.0644 0.9925 -206.5232 559.9473 46.8752
transform "0NEW_EXT01" 1 0 0 0 1 0 0 0 1 -66.485 533.338 26
transform "-01" 1 0 0 0 1 0 0 0 1 -395.2172 378.8485 -56.005
camera -150.459 445.1929 17.4206 -205.0462 508.4484 27.2638 0 52.1739

frame 73
transform "kyles" 0.0194 -0.9976 0.0661 0.9917 0.0276 0.1252 -0.1268 0.0631 0.9899 -206.607 564.5735 46.7973
transform "0NEW_EXT01" 1 0 0 0 1 0 0 0 1 -66.485 533.338 26
transform "-01" 1 0 0 0 1 0 0 0 1 -395.2172 378.8485 -56.005
camera -150.459 445.1929 17.4206 -205.0462 508.4484 27.2638 0 52.1739

frame 74
transform "kyles" 0.0409 -0.9968 0.069 0.9877 0.0508 0.1481 -0.1511 0.0621 0.9866 -206.7997 569.1428 46.7092
transform "0NEW_EXT01" 1 0 0 0 1 0 0 0 1 -66.485 533.338 26
transform "-01" 1 0 0 0 1 0 0 0 1 -395.2172 378.8485 -56.005
camera -150.459 445.1929 17.4206 -205.0462 508.4484 27.2638 0 52.1739

frame 75
transform "kyles" 0.068 -0.995 0.0738 0.9822 0.0797 0.17 -0.1751 0.0609 0.9827 -207.1139 573.6268 46.6155
transform "0NEW_EXT01" 1 0 0 0 1 0 0 0 1 -66.485 533.338 26
transform "-01" 1 0 0 0 1 0 0 0 1 -395.2172 378.8485 -56.005
camera -150.459 445.1929 17.4206 -205.0462 508.4484 27.2638 0 52.1739

frame 76
transform "kyles" 0.0997 -0.9918 0.0799 0.9753 0.1133 0.1894 -0.1969 0.059 0.9786 -207.5622 577.998 46.5218
transform "0NEW_EXT01" 1 0 0 0 1 0 0 0 1 -66.485 533.338 26
transform "-01" 1 0 0 0 1 0 0 0 1 -395.2172 378.8485 -56.005
camera -150.459 445.1929 17.4206 -205.0462 508.4484 27.2638 0 52.1739

frame 77
transform "kyles" 0.1353 -0.987 0.0869 0.9672 0.1506 0.2047 -0.2151 0.0564 0.975 -208.1575 582.2289 46.4341
transform "0NEW_EXT01" 1 0 0 0 1 0 0 0 1 -66.485 533.338 26
transform "-01" 1 0 0 0 1 0 0 0 1 -395.2172 378.8485 -56.005
camera -150.459 445.1929 17.4206 -205.0462 508.4484 27.2638 0 52.1739

frame 78
transform "kyles" 0.1738 -0.9803 0.094 0.958 0.1904 0.2142 -0.2279 0.0528 0.9723 -208.9128 586.2927 46.3596
transform "0NEW_EXT01" 1 0 0 0 1 0 0 0 1 -66.485 533.338 26
transform "-01" 1 0 0 0 1 0 0 0 1 -395.2172 378.8485 -56.005
camera -150.459 445.1929 17.4206 -205.0462 508.4484 27.2638 0 52.1739

frame 79
transform "kyles" 0.2145 -0.9716 0.1002 0.9483 0.2317 0.2167 -0.2337 0.0486 0.9711 -209.8412 590.1628 46.3058
transform "0NEW_EXT01" 1 0 0 0 1 0 0 0 1 -66.485 533.338 26
transform "-01" 1 0 0 0 1 0 0 0 1 -395.2172 378.8485 -56.005
camera -150.459 445.1929 17.4206 -205.0462 508.4484 27.2638 0 52.1739

frame 80
transform "kyles" 0.2566 -0.9609 0.1046 0.9385 0.2735 0.2106 -0.231 0.0441 0.972 -210.956 593.8138 46.2812
transform "0NEW_EXT01" 1 0 0 0 1 0 0 0 1 -66.485 533.338 26
transform "-01" 1 0 0 0 1 0 0 0 1 -395.2172 378.8485 -56.005
camera -150.459 445.1929 17.4206 -205.0462 508.4484 27.2638 0 52.1739

frame 81
transform "kyles" 0.2995 -0.9481 0.1071 0.9278 0.3155 0.1989 -0.2223 0.0398 0.9742 -212.2335 597.297 46.2762
transform "0NEW_EXT01" 1 0 0 0 1 0 0 0 1 -66.485 533.338 26
transform "-01" 1 0 0 0 1 0 0 0 1 -395.2172 378.8485 -56.005
camera -150.459 445.1929 17.4206 -205.0462 508.4484 27.2638 0 52.1739

frame 82
transform "kyles" 0.343 -0.933 0.1087 0.9152 0.358 0.185 -0.2115 0.0361 0.9767 -213.6362 600.6835 46.2758
transform "0NEW_EXT01" 1 0 0 0 1 0 0 0 1 -66.485 533.338 26
transform "-01" 1 0 0 0 1 0 0 0 1 -395.2172 378.8485 -56.005
camera -150.459 445.1929 17.4206 -205.0462 508.4484 27.2638 0 52.1739

frame 83
transform "kyles" 0.3869 -0.9156 0.1094 0.9004 0.4007 0.1693 -0.1988 0.033 0.9795 -215.1566 603.9775 46.2804
transform "0NEW_EXT01" 1 0 0 0 1 0 0 0 1 -66.485 533.338 26
transform "-01" 1 0 0 0 1 0 0 0 1 -395.2172 378.8485 -56.005
camera -150.459 445.1929 17.4206 -205.0462 508.4484 27.2638 0 52.1739

frame 84
transform "kyles" 0.431 -0.8958 0.1088 0.8833 0.4434 0.1519 -0.1843 0.0307 0.9824 -216.7872 607.1839 46.2905
transform "0NEW_EXT01" 1 0 0 0 1 0 0 0 1 -66.485 533.338 26
transform "-01" 1 0 0 0 1 0 0 0 1 -395.2172 378.8485 -56.005
camera -150.459 445.1929 17.4206 -205.0462 508.4484 27.2638 0 52.1739

frame 85
transform "kyles" 0.4749 -0.8735 0.107 0.8638 0.4859 0.133 -0.1682 0.0293 0.9853 -218.5204 610.3073 46.3062
transform "0NEW_EXT01" 1 0 0 0 1 0 0 0 1 -66.485 533.338 26
transform "-01" 1 0 0 0 1 0 0 0 1 -395.2172 378.8485 -56.005
camera -150.459 445.1929 17.4206 -205.0462 508.4484 27.2638 0 52.1739

frame 86
transform "kyles" 0.5184 -0.8488 0.1039 0.8418 0.5279 0.1129 -0.1507 0.0289 0.9882 -220.3485 613.3524 46.3278
transform "0NEW_EXT01" 1 0 0 0 1 0 0 0 1 -66.485 533.338 26
transform "-01" 1 0 0 0 1 0 0 0 1 -395.2172 378.8485 -56.005
camera -150.459 445.1929 17.4206 -205.0462 508.4484 27.2638 0 52.1739

frame 87
transform "kyles" 0.5612 -0.8217 0.0993 0.8171 0.5691 0.0917 -0.1319 0.0297 0.9908 -222.264 616.324 46.3555
transform "0NEW_EXT01" 1 0 0 0 1 0 0 0 1 -66.485 533.338 26
transform "-01" 1 0 0 0 1 0 0 0 1 -395.2172 378.8485 -56.005
camera -150.459 445.1929 17.4206 -205.0462 508.4484 27.2638 0 52.1739

frame 88
transform "kyles" 0.603 -0.7923 0.0933 0.7898 0.6094 0.0698 -0.1121 0.0316 0.9932 -224.2593 619.2273 46.3891
transform "0NEW_EXT01" 1 0 0 0 1 0 0 0 1 -66.485 533.338 26
transform "-01" 1 0 0 0 1 0 0 0 1 -395.2172 378.8485 -56.005
camera -150.459 445.1929 17.4206 -205.0462 508.4484 27.2638 0 52.1739

frame 89
transform "kyles" 0.6436 -0.7606 0.0858 0.7599 0.6483 0.0473 -0.0916 0.0347 0.9952 -226.327 622.0672 46.4287
transform "0NEW_EXT01" 1 0 0 0 1 0 0 0 1 -66.485 533.338 26
transform "-01" 1 0 0 0 1 0 0 0 1 -395.2172 378.8485 -56.005
camera -150.459 445.1929 17.4206 -205.0462 508.4484 27.2638 0 52.1739

frame 90
transform "kyles" 0.6827 -0.7267 0.0768 0.7273 0.6859 0.0245 -0.0705 0.0391 0.9967 -228.4595 624.8489 46.4741
transform "0NEW_EXT01" 1 0 0 0 1 0 0 0 1 -66.485 533.338 26
transform "-01" 1 0 0 0 1 0 0 0 1 -395.2172 378.8485 -56.005
camera -150.459 445.1929 17.4206 -205.0462 508.4484 27.2638 0 52.1739

frame 91
transform "kyles" 0.72 -0.6908 0.0664 0.6922 0.7217 0.0017 -0.0491 0.0447 0.9978 -230.6496 627.5776 46.525
transform "0NEW_EXT01" 1 0 0 0 1 0 0 0 1 -66.485 533.338 26
transform "-01" 1 0 0 0 1 0 0 0 1 -395.2172 378.8485 -56.005
camera -150.459 445.1929 17.4206 -205.0462 508.4484 27.2638 0 52.1739

frame 92
transform "kyles" 0.7554 -0.653 0.0546 0.6547 0.7556 -0.0209 -0.0276 0.0516 0.9983 -232.8899 630.2588 46.581
transform "0NEW_EXT01" 1 0 0 0 1 0 0 0 1 -66.485 533.338 26
transform "-01" 1 0 0 0 1 0 0 0 1 -395.2172 378.8485 -56.005
camera -150.459 445.1929 17.4206 -205.0462 508.4484 27.2638 0 52.1739

frame 93
transform "kyles" 0.7886 -0.6135 0.0416 0.6148 0.7875 -0.0431 -0.0063 0.0596 0.9982 -235.1732 632.8975 46.6417
transform "0NEW_EXT01" 1 0 0 0 1 0 0 0 1 -66.485 533.338 26
transform "-01" 1 0 0 0 1 0 0 0 1 -395.2172 378.8485 -56.005
camera -150.459 445.1929 17.4206 -205.0462 508.4484 27.2638 0 52.1739

frame 94
transform "kyles" 0.8195 -0.5725 0.0274 0.5729 0.8171 -0.0646 0.0146 0.0687 0.9975 -237.4926 635.4991 46.7065
transform "0NEW_EXT01" 1 0 0 0 1 0 0 0 1 -66.485 533.338 26
transform "-01" 1 0 0 0 1 0 0 0 1 -395.2172 378.8485 -56.005
camera -150.459 445.1929 17.4206 -205.0462 508.4484 27.2638 0 52.1739

frame 95
transform "kyles" 0.8478 -0.5301 0.0121 0.5291 0.8443 -0.0853 0.035 0.0787 0.9963 -239.841 638.0693 46.7748
transform "0NEW_EXT01" 1 0 0 0 1 0 0 0 1 -66.485 533.338 26
transform "-01" 1 0 0 0 1 0 0 0 1 -395.2172 378.8485 -56.005
camera -150.459 445.1929 17.4206 -205.0462 508.4484 27.2638 0 52.1739

frame 96
transform "kyles" 0.8736 -0.4867 -0.004 0.4836 0.869 -0.1049 0.0545 0.0897 0.9945 -242.2116 640.6133 46.8459
transform "0NEW_EXT01" 1 0 0 0 1 0 0 0 1 -66.485 533.338 26
transform "-01" 1 0 0 0 1 0 0 0 1 -395.2172 378.8485 -56.005
camera -150.459 445.1929 17.4206 -205.0462 508.4484 27.2638 0 52.1739

frame 97
transform "kyles" 0.8966 -0.4423 -0.0208 0.4367 0.8911 -0.1232 0.073 0.1014 0.9922 -244.5977 643.1365 46.919
transform "0NEW_EXT01" 1 0 0 0 1 0 0 0 1 -66.485 533.338 26
transform "-01" 1 0 0 0 1 0 0 0 1 -395.2172 378.8485 -56.005
camera -150.459 445.1929 17.4206 -205.0462 508.4484 27.2638 0 52.1739

frame 98
transform "kyles" 0.9169 -0.3973 -0.038 0.3887 0.9106 -0.1401 0.0903 0.1136 0.9894 -246.9928 645.6443 46.9933
transform "0NEW_EXT01" 1 0 0 0 1 0 0 0 1 -66.485 533.338 26
transform "-01" 1 0 0 0 1 0 0 0 1 -395.2172 378.8485 -56.005
camera -150.459 445.1929 17.4206 -205.0462 508.4484 27.2638 0 52.1739

frame 99
transform "kyles" 0.9344 -0.3518 -0.0556 0.3399 0.9275 -0.1554 0.1062 0.1263 0.9863 -249.3905 648.1422 47.068
transform "0NEW_EXT01" 1 0 0 0 1 0 0 0 1 -66.485 533.338 26
transform "-01" 1 0 0 0 1 0 0 0 1 -395.2172 378.8485 -56.005
camera -150.459 445.1929 17.4206 -205.0462 508.4484 27.2638 0 52.1739

frame 100
transform "kyles" 0.9492 -0.306 -0.0732 0.2906 0.9418 -0.169 0.1207 0.1392 0.9829 -251.7845 650.6354 47.1422
transform "0NEW_EXT01" 1 0 0 0 1 0 0 0 1 -66.485 533.338 26
transform "-01" 1 0 0 0 1 0 0 0 1 -395.2172 378.8485 -56.005
camera -150.459 445.1929 17.4206 -205.0462 508.4484 27.2638 0 52.1739
