VERSION 201

frame 0
transform "kyles" 0.9492 -0.306 -0.0732 0.2906 0.9418 -0.169 0.1207 0.1392 0.9829 -251.7845 650.6354 47.1422
transform "0NEW_EXT01" 1 0 0 0 1 0 0 0 1 -74.5225 533.338 26
camera -221.3306 487.2765 17.4206 -140.3097 469.6973 42.629 0 32.6531

frame 1
transform "kyles" 0.0305 0.9988 -0.0388 -0.8674 0.0071 -0.4975 -0.4966 0.0489 0.8666 213.922 501.8062 47.0121
transform "0NEW_EXT01" 1 0 0 0 1 0 0 0 1 -74.5225 533.338 26
camera -221.3306 487.2765 17.4206 -140.3097 469.6973 42.629 0 32.6531

frame 2
transform "kyles" 0.1151 0.9907 -0.0725 -0.8488 0.0602 -0.5252 -0.516 0.122 0.8479 212.1182 496.5968 47.9696
transform "0NEW_EXT01" 1 0 0 0 1 0 0 0 1 -74.5225 533.338 26
camera -221.3306 487.2765 17.4206 -140.3097 469.6973 42.629 0 32.6531

frame 3
transform "kyles" 0.2019 0.9734 -0.1082 -0.8223 0.1085 -0.5586 -0.532 0.2017 0.8224 210.427 491.2228 48.9811
transform "0NEW_EXT01" 1 0 0 0 1 0 0 0 1 -74.5225 533.338 26
camera -221.3306 487.2765 17.4206 -140.3097 469.6973 42.629 0 32.6531

frame 4
transform "kyles" 0.2887 0.947 -0.1411 -0.7899 0.1524 -0.5939 -0.5409 0.2829 0.7921 208.77 485.8367 49.9902
transform "0NEW_EXT01" 1 0 0 0 1 0 0 0 1 -74.5225 533.338 26
camera -221.3306 487.2765 17.4206 -140.3097 469.6973 42.629 0 32.6531

frame 5
transform "kyles" 0.3729 0.9127 -0.1672 -0.7542 0.1931 -0.6277 -0.5406 0.3601 0.7603 207.0697 480.5853 50.9454
transform "0NEW_EXT01" 1 0 0 0 1 0 0 0 1 -74.5225 533.338 26
camera -221.3306 487.2765 17.4206 -140.3097 469.6973 42.629 0 32.6531

frame 6
transform "kyles" 0.4516 0.8731 -0.1839 -0.7176 0.2329 -0.6563 -0.5302 0.4284 0.7317 205.2474 475.6107 51.801
transform "0NEW_EXT01" 1 0 0 0 1 0 0 0 1 -74.5225 533.338 26
camera -221.3306 487.2765 17.4206 -140.3097 469.6973 42.629 0 32.6531

frame 7
transform "kyles" 0.5225 0.8313 -0.1896 -0.6831 0.275 -0.6766 -0.5103 0.483 0.7116 203.2221 471.0521 52.5169
transform "0NEW_EXT01" 1 0 0 0 1 0 0 0 1 -74.5225 533.338 26
camera -221.3306 487.2765 17.4206 -140.3097 469.6973 42.629 0 32.6531

frame 8
transform "kyles" 0.5838 0.7909 -0.1837 -0.6531 0.323 -0.685 -0.4824 0.5198 0.705 200.9096 467.0475 53.0566
transform "0NEW_EXT01" 1 0 0 0 1 0 0 0 1 -74.5225 533.338 26
camera -221.3306 487.2765 17.4206 -140.3097 469.6973 42.629 0 32.6531

frame 9
transform "kyles" 0.6369 0.7523 -0.1684 -0.6273 0.3788 -0.6804 -0.4482 0.539 0.7132 198.4208 463.395 53.4756
transform "0NEW_EXT01" 1 0 0 0 1 0 0 0 1 -74.5225 533.338 26
camera -221.3306 487.2765 17.4206 -140.3097 469.6973 42.629 0 32.6531

frame 10
transform "kyles" 0.6846 0.7137 -0.148 -0.603 0.4405 -0.6651 -0.4095 0.5446 0.7319 195.9054 459.8266 53.8542
transform "0NEW_EXT01" 1 0 0 0 1 0 0 0 1 -74.5225 533.338 26
camera -221.3306 487.2765 17.4206 -140.3097 469.6973 42.629 0 32.6531

frame 11
transform "kyles" 0.7277 0.6744 -0.1251 -0.5784 0.5055 -0.6402 -0.3686 0.5383 0.7579 193.336 456.3825 54.1924
transform "0NEW_EXT01" 1 0 0 0 1 0 0 0 1 -74.5225 533.338 26
camera -221.3306 487.2765 17.4206 -140.3097 469.6973 42.629 0 32.6531

frame 12
transform "kyles" 0.7669 0.6338 -0.1014 -0.5522 0.571 -0.6074 -0.3271 0.5218 0.7879 190.6858 453.1031 54.4886
transform "0NEW_EXT01" 1 0 0 0 1 0 0 0 1 -74.5225 533.338 26
camera -221.3306 487.2765 17.4206 -140.3097 469.6973 42.629 0 32.6531

frame 13
transform "kyles" 0.8026 0.5914 -0.0786 -0.5232 0.6345 -0.5689 -0.2866 0.4977 0.8187 187.9291 450.0287 54.7402
transform "0NEW_EXT01" 1 0 0 0 1 0 0 0 1 -74.5225 533.338 26
camera -221.3306 487.2765 17.4206 -140.3097 469.6973 42.629 0 32.6531

frame 14
transform "kyles" 0.8351 0.547 -0.0579 -0.4908 0.6935 -0.5275 -0.2483 0.4689 0.8476 185.0412 447.1994 54.9436
transform "0NEW_EXT01" 1 0 0 0 1 0 0 0 1 -74.5225 533.338 26
camera -221.3306 487.2765 17.4206 -140.3097 469.6973 42.629 0 32.6531

frame 15
transform "kyles" 0.8648 0.5005 -0.0404 -0.4545 0.7461 -0.4866 -0.2134 0.4391 0.8727 181.9982 444.6542 55.0946
transform "0NEW_EXT01" 1 0 0 0 1 0 0 0 1 -74.5225 533.338 26
camera -221.3306 487.2765 17.4206 -140.3097 469.6973 42.629 0 32.6531

frame 16
transform "kyles" 0.8917 0.4519 -0.0264 -0.4143 0.7911 -0.4501 -0.1825 0.4123 0.8926 178.7769 442.4324 55.1882
transform "0NEW_EXT01" 1 0 0 0 1 0 0 0 1 -74.5225 533.338 26
camera -221.3306 487.2765 17.4206 -140.3097 469.6973 42.629 0 32.6531

frame 17
transform "kyles" 0.9157 0.4015 -0.0163 -0.3704 0.8275 -0.422 -0.156 0.3925 0.9064 175.3549 440.5724 55.218
transform "0NEW_EXT01" 1 0 0 0 1 0 0 0 1 -74.5225 533.338 26
camera -221.3306 487.2765 17.4206 -140.3097 469.6973 42.629 0 32.6531

frame 18
transform "kyles" 0.9369 0.3494 -0.0097 -0.3229 0.8547 -0.4065 -0.1337 0.384 0.9136 171.7102 439.1129 55.1765
transform "0NEW_EXT01" 1 0 0 0 1 0 0 0 1 -74.5225 533.338 26
camera -221.3306 487.2765 17.4206 -140.3097 469.6973 42.629 0 32.6531

frame 19
transform "kyles" 0.9553 0.2956 -0.0053 -0.2725 0.8735 -0.4033 -0.1146 0.3867 0.9151 167.8319 437.9747 55.0632
transform "0NEW_EXT01" 1 0 0 0 1 0 0 0 1 -74.5225 533.338 26
camera -221.3306 487.2765 17.4206 -140.3097 469.6973 42.629 0 32.6531

frame 20
transform "kyles" 0.9706 0.2405 -0.0014 -0.2201 0.8859 -0.4084 -0.097 0.3967 0.9128 163.7468 437.0468 54.8865
transform "0NEW_EXT01" 1 0 0 0 1 0 0 0 1 -74.5225 533.338 26
camera -221.3306 487.2765 17.4206 -140.3097 469.6973 42.629 0 32.6531

frame 21
transform "kyles" 0.9828 0.1846 0.0027 -0.1663 0.892 -0.4203 -0.08 0.4127 0.9074 159.4901 436.3199 54.6505
transform "0NEW_EXT01" 1 0 0 0 1 0 0 0 1 -74.5225 533.338 26
camera -221.3306 487.2765 17.4206 -140.3097 469.6973 42.629 0 32.6531

frame 22
transform "kyles" 0.9917 0.1282 0.0079 -0.1119 0.8923 -0.4373 -0.0631 0.4328 0.8993 155.0965 435.7844 54.36
transform "0NEW_EXT01" 1 0 0 0 1 0 0 0 1 -74.5225 533.338 26
camera -221.3306 487.2765 17.4206 -140.3097 469.6973 42.629 0 32.6531

frame 23
transform "kyles" 0.9973 0.072 0.0144 -0.0575 0.8873 -0.4575 -0.0457 0.4555 0.8891 150.6004 435.4307 54.0209
transform "0NEW_EXT01" 1 0 0 0 1 0 0 0 1 -74.5225 533.338 26
camera -221.3306 487.2765 17.4206 -140.3097 469.6973 42.629 0 32.6531

frame 24
transform "kyles" 0.9996 0.0164 0.0224 -0.0036 0.8776 -0.4793 -0.0276 0.479 0.8774 146.0355 435.2492 53.6399
transform "0NEW_EXT01" 1 0 0 0 1 0 0 0 1 -74.5225 533.338 26
camera -221.3306 487.2765 17.4206 -140.3097 469.6973 42.629 0 32.6531

frame 25
transform "kyles" 0.9988 -0.0382 0.0321 0.0492 0.8641 -0.5009 -0.0086 0.5018 0.8649 141.4353 435.2303 53.2248
transform "0NEW_EXT01" 1 0 0 0 1 0 0 0 1 -74.5225 533.338 26
camera -221.3306 487.2765 17.4206 -140.3097 469.6973 42.629 0 32.6531

frame 26
transform "kyles" 0.9949 -0.0914 0.0432 0.1005 0.8478 -0.5207 0.011 0.5224 0.8526 136.8327 435.3647 52.7843
transform "0NEW_EXT01" 1 0 0 0 1 0 0 0 1 -74.5225 533.338 26
camera -221.3306 487.2765 17.4206 -140.3097 469.6973 42.629 0 32.6531

frame 27
transform "kyles" 0.9882 -0.1428 0.0552 0.15 0.83 -0.5373 0.0309 0.5392 0.8416 132.2603 435.6435 52.3283
transform "0NEW_EXT01" 1 0 0 0 1 0 0 0 1 -74.5225 533.338 26
camera -221.3306 487.2765 17.4206 -140.3097 469.6973 42.629 0 32.6531

frame 28
transform "kyles" 0.979 -0.1923 0.0677 0.1974 0.812 -0.5492 0.0507 0.551 0.8329 127.7501 436.058 51.8673
transform "0NEW_EXT01" 1 0 0 0 1 0 0 0 1 -74.5225 533.338 26
camera -221.3306 487.2765 17.4206 -140.3097 469.6973 42.629 0 32.6531

frame 29
transform "kyles" 0.9676 -0.2396 0.0797 0.2427 0.7954 -0.5553 0.0697 0.5567 0.8278 123.3341 436.6001 51.4127
transform "0NEW_EXT01" 1 0 0 0 1 0 0 0 1 -74.5225 533.338 26
camera -221.3306 487.2765 17.4206 -140.3097 469.6973 42.629 0 32.6531

frame 30
transform "kyles" 0.9543 -0.2848 0.0905 0.2858 0.7816 -0.5544 0.0871 0.5549 0.8273 119.0438 437.2618 50.9763
transform "0NEW_EXT01" 1 0 0 0 1 0 0 0 1 -74.5225 533.338 26
camera -221.3306 487.2765 17.4206 -140.3097 469.6973 42.629 0 32.6531

frame 31
transform "kyles" 0.9396 -0.3277 0.099 0.3267 0.772 -0.5452 0.1022 0.5446 0.8324 114.9105 438.0358 50.5702
transform "0NEW_EXT01" 1 0 0 0 1 0 0 0 1 -74.5225 533.338 26
camera -221.3306 487.2765 17.4206 -140.3097 469.6973 42.629 0 32.6531

frame 32
transform "kyles" 0.9239 -0.3684 0.1035 0.365 0.7671 -0.5276 0.115 0.5252 0.8432 110.9088 439.0442 50.1432
transform "0NEW_EXT01" 1 0 0 0 1 0 0 0 1 -74.5225 533.338 26
camera -221.3306 487.2765 17.4206 -140.3097 469.6973 42.629 0 32.6531

frame 33
transform "kyles" 0.9076 -0.407 0.103 0.4006 0.7662 -0.5025 0.1256 0.4973 0.8585 106.9881 440.3868 49.6546
transform "0NEW_EXT01" 1 0 0 0 1 0 0 0 1 -74.5225 533.338 26
camera -221.3306 487.2765 17.4206 -140.3097 469.6973 42.629 0 32.6531

frame 34
transform "kyles" 0.8911 -0.443 0.0981 0.4338 0.7684 -0.4705 0.1331 0.4618 0.8769 103.1412 442.0216 49.132
transform "0NEW_EXT01" 1 0 0 0 1 0 0 0 1 -74.5225 533.338 26
camera -221.3306 487.2765 17.4206 -140.3097 469.6973 42.629 0 32.6531

frame 35
transform "kyles" 0.8747 -0.4764 0.0897 0.4651 0.7726 -0.4323 0.1366 0.4198 0.8973 99.3612 443.9067 48.6025
transform "0NEW_EXT01" 1 0 0 0 1 0 0 0 1 -74.5225 533.338 26
camera -221.3306 487.2765 17.4206 -140.3097 469.6973 42.629 0 32.6531

frame 36
transform "kyles" 0.8585 -0.5068 0.0786 0.4946 0.7776 -0.3882 0.1356 0.3722 0.9182 95.6416 446.0004 48.0924
transform "0NEW_EXT01" 1 0 0 0 1 0 0 0 1 -74.5225 533.338 26
camera -221.3306 487.2765 17.4206 -140.3097 469.6973 42.629 0 32.6531

frame 37
transform "kyles" 0.8427 -0.5343 0.0659 0.5225 0.7824 -0.339 0.1295 0.3201 0.9385 91.9762 448.2615 47.6279
transform "0NEW_EXT01" 1 0 0 0 1 0 0 0 1 -74.5225 533.338 26
camera -221.3306 487.2765 17.4206 -140.3097 469.6973 42.629 0 32.6531

frame 38
transform "kyles" 0.8276 -0.5588 0.0527 0.5488 0.7859 -0.2851 0.1179 0.2649 0.957 88.3589 450.6495 47.2346
transform "0NEW_EXT01" 1 0 0 0 1 0 0 0 1 -74.5225 533.338 26
camera -221.3306 487.2765 17.4206 -140.3097 469.6973 42.629 0 32.6531

frame 39
transform "kyles" 0.8132 -0.5805 0.0401 0.5732 0.7872 -0.2274 0.1004 0.2079 0.973 84.7841 453.1247 46.9383
transform "0NEW_EXT01" 1 0 0 0 1 0 0 0 1 -74.5225 533.338 26
camera -221.3306 487.2765 17.4206 -140.3097 469.6973 42.629 0 32.6531

frame 40
transform "kyles" 0.7996 -0.5999 0.0294 0.5957 0.7858 -0.1666 0.0769 0.1508 0.9856 81.2468 455.6479 46.7645
transform "0NEW_EXT01" 1 0 0 0 1 0 0 0 1 -74.5225 533.338 26
camera -221.3306 487.2765 17.4206 -140.3097 469.6973 42.629 0 32.6531

frame 41
transform "kyles" 0.7864 -0.6173 0.0218 0.6159 0.781 -0.1037 0.047 0.095 0.9944 77.7425 458.1805 46.7393
transform "0NEW_EXT01" 1 0 0 0 1 0 0 0 1 -74.5225 533.338 26
camera -221.3306 487.2765 17.4206 -140.3097 469.6973 42.629 0 32.6531

frame 42
transform "kyles" 0.7734 -0.6337 0.0175 0.6339 0.7727 -0.0331 0.0075 0.0367 0.9993 74.28 460.762 46.8239
transform "0NEW_EXT01" 1 0 0 0 1 0 0 0 1 -74.5225 533.338 26
camera -221.3306 487.2765 17.4206 -140.3097 469.6973 42.629 0 32.6531

frame 43
transform "kyles" 0.7603 -0.6494 0.0151 0.6482 0.7599 0.0491 -0.0434 -0.0276 0.9987 70.8669 463.4486 46.959
transform "0NEW_EXT01" 1 0 0 0 1 0 0 0 1 -74.5225 533.338 26
camera -221.3306 487.2765 17.4206 -140.3097 469.6973 42.629 0 32.6531

frame 44
transform "kyles" 0.7473 -0.6643 0.0138 0.6564 0.7414 0.1393 -0.1028 -0.0951 0.9902 67.4972 466.2273 47.14
transform "0NEW_EXT01" 1 0 0 0 1 0 0 0 1 -74.5225 533.338 26
camera -221.3306 487.2765 17.4206 -140.3097 469.6973 42.629 0 32.6531

frame 45
transform "kyles" 0.7349 -0.678 0.0128 0.6572 0.7167 0.2334 -0.1674 -0.1632 0.9723 64.1649 469.0847 47.3622
transform "0NEW_EXT01" 1 0 0 0 1 0 0 0 1 -74.5225 533.338 26
camera -221.3306 487.2765 17.4206 -140.3097 469.6973 42.629 0 32.6531

frame 46
transform "kyles" 0.7234 -0.6904 0.0117 0.6496 0.6862 0.3273 -0.234 -0.2292 0.9449 60.8637 472.0072 47.6211
transform "0NEW_EXT01" 1 0 0 0 1 0 0 0 1 -74.5225 533.338 26
camera -221.3306 487.2765 17.4206 -140.3097 469.6973 42.629 0 32.6531

frame 47
transform "kyles" 0.7131 -0.701 0.0101 0.6342 0.6511 0.4169 -0.2988 -0.2909 0.9089 57.5869 474.9801 47.9124
transform "0NEW_EXT01" 1 0 0 0 1 0 0 0 1 -74.5225 533.338 26
camera -221.3306 487.2765 17.4206 -140.3097 469.6973 42.629 0 32.6531

frame 48
transform "kyles" 0.7045 -0.7096 0.008 0.6122 0.6134 0.4988 -0.3589 -0.3466 0.8667 54.3269 477.9886 48.2317
transform "0NEW_EXT01" 1 0 0 0 1 0 0 0 1 -74.5225 533.338 26
camera -221.3306 487.2765 17.4206 -140.3097 469.6973 42.629 0 32.6531

frame 49
transform "kyles" 0.6981 -0.7159 0.0053 0.586 0.5757 0.5703 -0.4113 -0.395 0.8215 51.0756 481.0166 48.5748
transform "0NEW_EXT01" 1 0 0 0 1 0 0 0 1 -74.5225 533.338 26
camera -221.3306 487.2765 17.4206 -140.3097 469.6973 42.629 0 32.6531

frame 50
transform "kyles" 0.6944 -0.7196 0.0022 0.5584 0.5407 0.6292 -0.4539 -0.4356 0.7773 47.8242 484.0479 48.9374
transform "0NEW_EXT01" 1 0 0 0 1 0 0 0 1 -74.5225 533.338 26
camera -221.3306 487.2765 17.4206 -140.3097 469.6973 42.629 0 32.6531

frame 51
transform "kyles" 0.6936 -0.7204 -0.0013 0.5326 0.5116 0.6743 -0.4851 -0.4683 0.7385 44.5638 487.066 49.3153
transform "0NEW_EXT01" 1 0 0 0 1 0 0 0 1 -74.5225 533.338 26
camera -221.3306 487.2765 17.4206 -140.3097 469.6973 42.629 0 32.6531

frame 52
transform "kyles" 0.6961 -0.718 -0.005 0.5118 0.4912 0.7048 -0.5036 -0.4932 0.7093 41.2852 490.0539 49.7044
transform "0NEW_EXT01" 1 0 0 0 1 0 0 0 1 -74.5225 533.338 26
camera -221.3306 487.2765 17.4206 -140.3097 469.6973 42.629 0 32.6531

frame 53
transform "kyles" 0.7027 -0.7115 -0.0096 0.4983 0.4823 0.7205 -0.5079 -0.511 0.6934 37.9777 492.9919 50.1019
transform "0NEW_EXT01" 1 0 0 0 1 0 0 0 1 -74.5225 533.338 26
camera -221.3306 487.2765 17.4206 -140.3097 469.6973 42.629 0 32.6531

frame 54
transform "kyles" 0.7135 -0.7005 -0.0149 0.4916 0.4853 0.7231 -0.4993 -0.5232 0.6906 34.6325 495.8629 50.4989
transform "0NEW_EXT01" 1 0 0 0 1 0 0 0 1 -74.5225 533.338 26
camera -221.3306 487.2765 17.4206 -140.3097 469.6973 42.629 0 32.6531

frame 55
transform "kyles" 0.7276 -0.6857 -0.0203 0.4901 0.4989 0.7148 -0.4801 -0.53 0.699 31.2439 498.6544 50.8831
transform "0NEW_EXT01" 1 0 0 0 1 0 0 0 1 -74.5225 533.338 26
camera -221.3306 487.2765 17.4206 -140.3097 469.6973 42.629 0 32.6531

frame 56
transform "kyles" 0.7442 -0.6675 -0.0253 0.4916 0.5217 0.6973 -0.4522 -0.5314 0.7163 27.8068 501.3544 51.2428
transform "0NEW_EXT01" 1 0 0 0 1 0 0 0 1 -74.5225 533.338 26
camera -221.3306 487.2765 17.4206 -140.3097 469.6973 42.629 0 32.6531

frame 57
transform "kyles" 0.7626 -0.6462 -0.0296 0.4938 0.552 0.6719 -0.4179 -0.5269 0.7401 24.3154 503.9509 51.5661
transform "0NEW_EXT01" 1 0 0 0 1 0 0 0 1 -74.5225 533.338 26
camera -221.3306 487.2765 17.4206 -140.3097 469.6973 42.629 0 32.6531

frame 58
transform "kyles" 0.782 -0.6224 -0.0326 0.4947 0.588 0.64 -0.3792 -0.5165 0.7677 20.7639 506.4316 51.8408
transform "0NEW_EXT01" 1 0 0 0 1 0 0 0 1 -74.5225 533.338 26
camera -221.3306 487.2765 17.4206 -140.3097 469.6973 42.629 0 32.6531

frame 59
transform "kyles" 0.8019 -0.5965 -0.0337 0.4922 0.6276 0.6031 -0.3386 -0.5003 0.7969 17.1452 508.7842 52.0544
transform "0NEW_EXT01" 1 0 0 0 1 0 0 0 1 -74.5225 533.338 26
camera -221.3306 487.2765 17.4206 -140.3097 469.6973 42.629 0 32.6531

frame 60
transform "kyles" 0.8219 -0.5687 -0.0322 0.485 0.669 0.5632 -0.2988 -0.4785 0.8257 13.4519 510.9958 52.1936
transform "0NEW_EXT01" 1 0 0 0 1 0 0 0 1 -74.5225 533.338 26
camera -221.3306 487.2765 17.4206 -140.3097 469.6973 42.629 0 32.6531

frame 61
transform "kyles" 0.8417 -0.5393 -0.027 0.4719 0.7103 0.5223 -0.2625 -0.4523 0.8524 9.6755 513.0525 52.2446
transform "0NEW_EXT01" 1 0 0 0 1 0 0 0 1 -74.5225 533.338 26
camera -221.3306 487.2765 17.4206 -140.3097 469.6973 42.629 0 32.6531

frame 62
transform "kyles" 0.8623 -0.5061 -0.0176 0.4528 0.7548 0.4746 -0.2269 -0.4172 0.88 5.7717 514.8018 52.1113
transform "0NEW_EXT01" 1 0 0 0 1 0 0 0 1 -74.5225 533.338 26
camera -221.3306 487.2765 17.4206 -140.3097 469.6973 42.629 0 32.6531

frame 63
transform "kyles" 0.8843 -0.4669 -0.0062 0.4272 0.8037 0.4142 -0.1885 -0.3689 0.9101 1.7055 516.1369 51.745
transform "0NEW_EXT01" 1 0 0 0 1 0 0 0 1 -74.5225 533.338 26
camera -221.3306 487.2765 17.4206 -140.3097 469.6973 42.629 0 32.6531

frame 64
transform "kyles" 0.9064 -0.4223 0.0052 0.3951 0.8521 0.3433 -0.1494 -0.3091 0.9392 -2.5176 517.1127 51.2018
transform "0NEW_EXT01" 1 0 0 0 1 0 0 0 1 -74.5225 533.338 26
camera -221.3306 487.2765 17.4206 -140.3097 469.6973 42.629 0 32.6531

frame 65
transform "kyles" 0.9276 -0.3734 0.0146 0.3565 0.896 0.2646 -0.1119 -0.2403 0.9642 -6.8924 517.7854 50.5369
transform "0NEW_EXT01" 1 0 0 0 1 0 0 0 1 -74.5225 533.338 26
camera -221.3306 487.2765 17.4206 -140.3097 469.6973 42.629 0 32.6531

frame 66
transform "kyles" 0.9466 -0.3216 0.0206 0.3128 0.9323 0.1818 -0.0777 -0.1657 0.9831 -11.4145 518.2118 49.8035
transform "0NEW_EXT01" 1 0 0 0 1 0 0 0 1 -74.5225 533.338 26
camera -221.3306 487.2765 17.4206 -140.3097 469.6973 42.629 0 32.6531

frame 67
transform "kyles" 0.9629 -0.2689 0.0226 0.2655 0.959 0.0989 -0.0483 -0.0893 0.9948 -16.0803 518.4492 49.0533
transform "0NEW_EXT01" 1 0 0 0 1 0 0 0 1 -74.5225 533.338 26
camera -221.3306 487.2765 17.4206 -140.3097 469.6973 42.629 0 32.6531

frame 68
transform "kyles" 0.9759 -0.2171 0.0204 0.2167 0.976 0.0203 -0.0243 -0.0154 0.9996 -20.8871 518.5551 48.3358
transform "0NEW_EXT01" 1 0 0 0 1 0 0 0 1 -74.5225 533.338 26
camera -221.3306 487.2765 17.4206 -140.3097 469.6973 42.629 0 32.6531

frame 69
transform "kyles" 0.9856 -0.1685 0.0145 0.1691 0.9843 -0.05 -0.0059 0.0517 0.9986 -25.8333 518.5866 47.6991
transform "0NEW_EXT01" 1 0 0 0 1 0 0 0 1 -74.5225 533.338 26
camera -221.3306 487.2765 17.4206 -140.3097 469.6973 42.629 0 32.6531

frame 70
transform "kyles" 0.9921 -0.125 0.0061 0.125 0.9863 -0.1079 0.0075 0.1078 0.9941 -30.9182 518.6002 47.1897
transform "0NEW_EXT01" 1 0 0 0 1 0 0 0 1 -74.5225 533.338 26
camera -221.3306 487.2765 17.4206 -140.3097 469.6973 42.629 0 32.6531

frame 71
transform "kyles" 0.9961 -0.0884 -0.0034 0.0869 0.9848 -0.1501 0.0167 0.1492 0.9887 -36.1419 518.6514 46.8534
transform "0NEW_EXT01" 1 0 0 0 1 0 0 0 1 -74.5225 533.338 26
camera -221.3306 487.2765 17.4206 -140.3097 469.6973 42.629 0 32.6531

frame 72
transform "kyles" 0.9982 -0.0588 -0.0127 0.0556 0.9827 -0.1766 0.0229 0.1756 0.9842 -41.558 518.6822 46.6689
transform "0NEW_EXT01" 1 0 0 0 1 0 0 0 1 -74.5225 533.338 26
camera -221.3306 487.2765 17.4206 -140.3097 469.6973 42.629 0 32.6531

frame 73
transform "kyles" 0.9992 -0.0346 -0.0208 0.03 0.9811 -0.191 0.0271 0.1902 0.9814 -47.1989 518.6016 46.5728
transform "0NEW_EXT01" 1 0 0 0 1 0 0 0 1 -74.5225 533.338 26
camera -221.3306 487.2765 17.4206 -140.3097 469.6973 42.629 0 32.6531

frame 74
transform "kyles" 0.9995 -0.0146 -0.0276 0.0089 0.9807 -0.1955 0.0299 0.1952 0.9803 -53.0327 518.4159 46.548
transform "0NEW_EXT01" 1 0 0 0 1 0 0 0 1 -74.5225 533.338 26
camera -221.3306 487.2765 17.4206 -140.3097 469.6973 42.629 0 32.6531

frame 75
transform "kyles" 0.9995 0.0023 -0.033 -0.0087 0.9813 -0.1924 0.0319 0.1926 0.9808 -59.0268 518.1312 46.5779
transform "0NEW_EXT01" 1 0 0 0 1 0 0 0 1 -74.5225 533.338 26
camera -221.3306 487.2765 17.4206 -140.3097 469.6973 42.629 0 32.6531

frame 76
transform "kyles" 0.9992 0.0173 -0.0371 -0.0238 0.9827 -0.1836 0.0333 0.1844 0.9823 -65.1484 517.7543 46.6466
transform "0NEW_EXT01" 1 0 0 0 1 0 0 0 1 -74.5225 533.338 26
camera -221.3306 487.2765 17.4206 -140.3097 469.6973 42.629 0 32.6531

frame 77
transform "kyles" 0.9987 0.0313 -0.0401 -0.0377 0.9845 -0.1713 0.0341 0.1726 0.9844 -71.3644 517.2919 46.7382
transform "0NEW_EXT01" 1 0 0 0 1 0 0 0 1 -74.5225 533.338 26
camera -221.3306 487.2765 17.4206 -140.3097 469.6973 42.629 0 32.6531

frame 78
transform "kyles" 0.9981 0.0453 -0.0423 -0.0515 0.9862 -0.1575 0.0346 0.1593 0.9866 -77.6411 516.7511 46.8373
transform "0NEW_EXT01" 1 0 0 0 1 0 0 0 1 -74.5225 533.338 26
camera -221.3306 487.2765 17.4206 -140.3097 469.6973 42.629 0 32.6531

frame 79
transform "kyles" 0.9972 0.0605 -0.044 -0.0663 0.9873 -0.1441 0.0347 0.1466 0.9886 -83.945 516.1389 46.9287
transform "0NEW_EXT01" 1 0 0 0 1 0 0 0 1 -74.5225 533.338 26
camera -221.3306 487.2765 17.4206 -140.3097 469.6973 42.629 0 32.6531

frame 80
transform "kyles" 0.9959 0.0778 -0.0456 -0.0833 0.9876 -0.1332 0.0346 0.1365 0.99 -90.2422 515.4622 46.9973
transform "0NEW_EXT01" 1 0 0 0 1 0 0 0 1 -74.5225 533.338 26
camera -221.3306 487.2765 17.4206 -140.3097 469.6973 42.629 0 32.6531

frame 81
transform "kyles" 0.994 0.0983 -0.0473 -0.1036 0.9865 -0.127 0.0342 0.1311 0.9908 -96.4983 514.728 47.0284
transform "0NEW_EXT01" 1 0 0 0 1 0 0 0 1 -74.5225 533.338 26
camera -221.3306 487.2765 17.4206 -140.3097 469.6973 42.629 0 32.6531

frame 82
transform "kyles" 0.9916 0.1199 -0.0474 -0.125 0.9843 -0.1247 0.0317 0.1296 0.9911 -102.8917 513.9888 47.0285
transform "0NEW_EXT01" 1 0 0 0 1 0 0 0 1 -74.5225 533.338 26
camera -221.3306 487.2765 17.4206 -140.3097 469.6973 42.629 0 32.6531

frame 83
transform "kyles" 0.9891 0.1406 -0.0446 -0.1452 0.9816 -0.1243 0.0263 0.1294 0.9912 -109.5571 513.2665 47.0168
transform "0NEW_EXT01" 1 0 0 0 1 0 0 0 1 -74.5225 533.338 26
camera -221.3306 487.2765 17.4206 -140.3097 469.6973 42.629 0 32.6531

frame 84
transform "kyles" 0.9861 0.1611 -0.0399 -0.1649 0.9784 -0.1249 0.019 0.1297 0.9914 -116.3939 512.5224 46.9979
transform "0NEW_EXT01" 1 0 0 0 1 0 0 0 1 -74.5225 533.338 26
camera -221.3306 487.2765 17.4206 -140.3097 469.6973 42.629 0 32.6531

frame 85
transform "kyles" 0.9827 0.1819 -0.0345 -0.1849 0.9747 -0.1257 0.0107 0.1299 0.9915 -123.3014 511.7175 46.9758
transform "0NEW_EXT01" 1 0 0 0 1 0 0 0 1 -74.5225 533.338 26
camera -221.3306 487.2765 17.4206 -140.3097 469.6973 42.629 0 32.6531

frame 86
transform "kyles" 0.9785 0.2039 -0.0293 -0.206 0.9704 -0.126 0.0027 0.1293 0.9916 -130.1788 510.8136 46.9546
transform "0NEW_EXT01" 1 0 0 0 1 0 0 0 1 -74.5225 533.338 26
camera -221.3306 487.2765 17.4206 -140.3097 469.6973 42.629 0 32.6531

frame 87
transform "kyles" 0.9734 0.2277 -0.0254 -0.2291 0.9654 -0.1249 -0.0039 0.1274 0.9918 -136.9248 509.772 46.9385
transform "0NEW_EXT01" 1 0 0 0 1 0 0 0 1 -74.5225 533.338 26
camera -221.3306 487.2765 17.4206 -140.3097 469.6973 42.629 0 32.6531

frame 88
transform "kyles" 0.967 0.2538 -0.0238 -0.2548 0.9593 -0.1216 -0.0081 0.1237 0.9923 -143.4381 508.5546 46.931
transform "0NEW_EXT01" 1 0 0 0 1 0 0 0 1 -74.5225 533.338 26
camera -221.3306 487.2765 17.4206 -140.3097 469.6973 42.629 0 32.6531

frame 89
transform "kyles" 0.9588 0.283 -0.0253 -0.284 0.9519 -0.1151 -0.0085 0.1175 0.993 -149.6169 507.1232 46.9357
transform "0NEW_EXT01" 1 0 0 0 1 0 0 0 1 -74.5225 533.338 26
camera -221.3306 487.2765 17.4206 -140.3097 469.6973 42.629 0 32.6531

frame 90
transform "kyles" 0.9484 0.3157 -0.0307 -0.3172 0.9426 -0.1044 -0.004 0.1087 0.9941 -155.3588 505.4399 46.9555
transform "0NEW_EXT01" 1 0 0 0 1 0 0 0 1 -74.5225 533.338 26
camera -221.3306 487.2765 17.4206 -140.3097 469.6973 42.629 0 32.6531

frame 91
transform "kyles" 0.9349 0.3526 -0.0407 -0.3549 0.9307 -0.0882 0.0068 0.0969 0.9953 -160.5606 503.4672 46.9926
transform "0NEW_EXT01" 1 0 0 0 1 0 0 0 1 -74.5225 533.338 26
camera -221.3306 487.2765 17.4206 -140.3097 469.6973 42.629 0 32.6531

frame 92
transform "kyles" 0.9174 0.394 -0.0558 -0.3971 0.9155 -0.064 0.0259 0.0808 0.9964 -165.3793 501.0335 47.0477
transform "0NEW_EXT01" 1 0 0 0 1 0 0 0 1 -74.5225 533.338 26
camera -221.3306 487.2765 17.4206 -140.3097 469.6973 42.629 0 32.6531

frame 93
transform "kyles" 0.8952 0.4393 -0.0746 -0.4424 0.8963 -0.0308 0.0533 0.0606 0.9967 -170.0051 498.0842 47.115
transform "0NEW_EXT01" 1 0 0 0 1 0 0 0 1 -74.5225 533.338 26
camera -221.3306 487.2765 17.4206 -140.3097 469.6973 42.629 0 32.6531

frame 94
transform "kyles" 0.8678 0.4877 -0.0953 -0.4891 0.8722 0.0095 0.0877 0.0383 0.9954 -174.3841 494.7574 47.1864
transform "0NEW_EXT01" 1 0 0 0 1 0 0 0 1 -74.5225 533.338 26
camera -221.3306 487.2765 17.4206 -140.3097 469.6973 42.629 0 32.6531

frame 95
transform "kyles" 0.8349 0.538 -0.1161 -0.5354 0.8428 0.055 0.1274 0.0162 0.9917 -178.4638 491.1915 47.2547
transform "0NEW_EXT01" 1 0 0 0 1 0 0 0 1 -74.5225 533.338 26
camera -221.3306 487.2765 17.4206 -140.3097 469.6973 42.629 0 32.6531

frame 96
transform "kyles" 0.7965 0.5893 -0.1354 -0.5801 0.8079 0.1036 0.1705 -0.0039 0.9854 -182.1928 487.5252 47.314
transform "0NEW_EXT01" 1 0 0 0 1 0 0 0 1 -74.5225 533.338 26
camera -221.3306 487.2765 17.4206 -140.3097 469.6973 42.629 0 32.6531

frame 97
transform "kyles" 0.753 0.6402 -0.1522 -0.622 0.768 0.1528 0.2147 -0.0204 0.9765 -185.5213 483.8972 47.3603
transform "0NEW_EXT01" 1 0 0 0 1 0 0 0 1 -74.5225 533.338 26
camera -221.3306 487.2765 17.4206 -140.3097 469.6973 42.629 0 32.6531

frame 98
transform "kyles" 0.7051 0.6895 -0.1655 -0.6605 0.7236 0.2004 0.2579 -0.032 0.9656 -188.4007 480.4458 47.3913
transform "0NEW_EXT01" 1 0 0 0 1 0 0 0 1 -74.5225 533.338 26
camera -221.3306 487.2765 17.4206 -140.3097 469.6973 42.629 0 32.6531

frame 99
transform "kyles" 0.6538 0.7362 -0.1749 -0.6956 0.6757 0.2438 0.2977 -0.0377 0.9539 -190.7836 477.3086 47.4071
transform "0NEW_EXT01" 1 0 0 0 1 0 0 0 1 -74.5225 533.338 26
camera -221.3306 487.2765 17.4206 -140.3097 469.6973 42.629 0 32.6531

frame 100
transform "kyles" 0.6003 0.7791 -0.1805 -0.7277 0.6258 0.2808 0.3317 -0.0372 0.9426 -192.6236 474.6222 47.4096
transform "0NEW_EXT01" 1 0 0 0 1 0 0 0 1 -74.5225 533.338 26
camera -221.3306 487.2765 17.4206 -140.3097 469.6973 42.629 0 32.6531

frame 101
transform "kyles" 0.5461 0.8176 -0.1828 -0.7575 0.5751 0.309 0.3578 -0.0303 0.9333 -193.8743 472.5219 47.4026
transform "0NEW_EXT01" 1 0 0 0 1 0 0 0 1 -74.5225 533.338 26
camera -221.3306 487.2765 17.4206 -140.3097 469.6973 42.629 0 32.6531

frame 102
transform "kyles" 0.4907 0.8519 -0.1827 -0.7848 0.5233 0.3321 0.3785 -0.0196 0.9254 -194.7145 470.8061 47.4088
transform "0NEW_EXT01" 1 0 0 0 1 0 0 0 1 -74.5225 533.338 26
camera -221.3306 487.2765 17.4206 -140.3097 469.6973 42.629 0 32.6531

frame 103
transform "kyles" 0.4332 0.8829 -0.1809 -0.8086 0.4694 0.3546 0.398 -0.0074 0.9173 -195.3624 469.1826 47.4436
transform "0NEW_EXT01" 1 0 0 0 1 0 0 0 1 -74.5225 533.338 26
camera -221.3306 487.2765 17.4206 -140.3097 469.6973 42.629 0 32.6531

frame 104
transform "kyles" 0.3738 0.9104 -0.1773 -0.8289 0.4137 0.3765 0.4161 0.0062 0.9093 -195.8312 467.6497 47.5013
transform "0NEW_EXT01" 1 0 0 0 1 0 0 0 1 -74.5225 533.338 26
camera -221.3306 487.2765 17.4206 -140.3097 469.6973 42.629 0 32.6531

frame 105
transform "kyles" 0.3128 0.9341 -0.1721 -0.8456 0.3563 0.3974 0.4326 0.0212 0.9013 -196.1343 466.2058 47.576
transform "0NEW_EXT01" 1 0 0 0 1 0 0 0 1 -74.5225 533.338 26
camera -221.3306 487.2765 17.4206 -140.3097 469.6973 42.629 0 32.6531

frame 106
transform "kyles" 0.2503 0.9539 -0.1654 -0.8586 0.2977 0.4173 0.4473 0.0376 0.8936 -196.2849 464.849 47.6621
transform "0NEW_EXT01" 1 0 0 0 1 0 0 0 1 -74.5225 533.338 26
camera -221.3306 487.2765 17.4206 -140.3097 469.6973 42.629 0 32.6531

frame 107
transform "kyles" 0.1868 0.9697 -0.1574 -0.868 0.2379 0.4359 0.4601 0.0552 0.8861 -196.2965 463.5774 47.7541
transform "0NEW_EXT01" 1 0 0 0 1 0 0 0 1 -74.5225 533.338 26
camera -221.3306 487.2765 17.4206 -140.3097 469.6973 42.629 0 32.6531

frame 108
transform "kyles" 0.1224 0.9813 -0.1483 -0.8737 0.1774 0.453 0.4709 0.0741 0.8791 -196.1822 462.389 47.8464
transform "0NEW_EXT01" 1 0 0 0 1 0 0 0 1 -74.5225 533.338 26
camera -221.3306 487.2765 17.4206 -140.3097 469.6973 42.629 0 32.6531

frame 109
transform "kyles" 0.0575 0.9887 -0.1383 -0.8757 0.1164 0.4686 0.4794 0.0942 0.8725 -195.9556 461.2816 47.9336
transform "0NEW_EXT01" 1 0 0 0 1 0 0 0 1 -74.5225 533.338 26
camera -221.3306 487.2765 17.4206 -140.3097 469.6973 42.629 0 32.6531

frame 110
transform "kyles" -0.0077 0.9918 -0.1275 -0.8741 0.0552 0.4825 0.4856 0.1152 0.8665 -195.6298 460.2529 48.0104
transform "0NEW_EXT01" 1 0 0 0 1 0 0 0 1 -74.5225 533.338 26
camera -221.3306 487.2765 17.4206 -140.3097 469.6973 42.629 0 32.6531

frame 111
transform "kyles" -0.0729 0.9905 -0.1162 -0.869 -0.0059 0.4948 0.4894 0.1371 0.8612 -195.2181 459.3007 48.0712
transform "0NEW_EXT01" 1 0 0 0 1 0 0 0 1 -74.5225 533.338 26
camera -221.3306 487.2765 17.4206 -140.3097 469.6973 42.629 0 32.6531

frame 112
transform "kyles" -0.1378 0.9849 -0.1046 -0.8604 -0.0667 0.5052 0.4906 0.1597 0.8566 -194.734 458.4223 48.1108
transform "0NEW_EXT01" 1 0 0 0 1 0 0 0 1 -74.5225 533.338 26
camera -221.3306 487.2765 17.4206 -140.3097 469.6973 42.629 0 32.6531

frame 113
transform "kyles" -0.2021 0.9749 -0.093 -0.8484 -0.1269 0.5139 0.4892 0.1828 0.8528 -194.1906 457.6152 48.1238
transform "0NEW_EXT01" 1 0 0 0 1 0 0 0 1 -74.5225 533.338 26
camera -221.3306 487.2765 17.4206 -140.3097 469.6973 42.629 0 32.6531

frame 114
transform "kyles" -0.2656 0.9606 -0.0815 -0.8332 -0.1862 0.5207 0.485 0.2062 0.8498 -193.6011 456.8767 48.1048
transform "0NEW_EXT01" 1 0 0 0 1 0 0 0 1 -74.5225 533.338 26
camera -221.3306 487.2765 17.4206 -140.3097 469.6973 42.629 0 32.6531

frame 115
transform "kyles" -0.328 0.9421 -0.0704 -0.8148 -0.2444 0.5258 0.4781 0.2298 0.8477 -192.9788 456.2039 48.0484
transform "0NEW_EXT01" 1 0 0 0 1 0 0 0 1 -74.5225 533.338 26
camera -221.3306 487.2765 17.4206 -140.3097 469.6973 42.629 0 32.6531

frame 116
transform "kyles" -0.389 0.9193 -0.06 -0.7933 -0.3011 0.5291 0.4684 0.2534 0.8464 -192.3368 455.5939 47.9493
transform "0NEW_EXT01" 1 0 0 0 1 0 0 0 1 -74.5225 533.338 26
camera -221.3306 487.2765 17.4206 -140.3097 469.6973 42.629 0 32.6531

frame 117
transform "kyles" -0.4483 0.8925 -0.0504 -0.769 -0.3563 0.5308 0.4558 0.2767 0.846 -191.6883 455.0437 47.8018
transform "0NEW_EXT01" 1 0 0 0 1 0 0 0 1 -74.5225 533.338 26
camera -221.3306 487.2765 17.4206 -140.3097 469.6973 42.629 0 32.6531

frame 118
transform "kyles" -0.5057 0.8617 -0.0418 -0.7419 -0.4096 0.5309 0.4403 0.2995 0.8464 -191.0463 454.5501 47.6006
transform "0NEW_EXT01" 1 0 0 0 1 0 0 0 1 -74.5225 533.338 26
camera -221.3306 487.2765 17.4206 -140.3097 469.6973 42.629 0 32.6531

frame 119
transform "kyles" -0.5609 0.8271 -0.0345 -0.7122 -0.4609 0.5295 0.4221 0.3216 0.8476 -190.424 454.11 47.34
transform "0NEW_EXT01" 1 0 0 0 1 0 0 0 1 -74.5225 533.338 26
camera -221.3306 487.2765 17.4206 -140.3097 469.6973 42.629 0 32.6531

frame 120
transform "kyles" -0.6138 0.789 -0.0286 -0.6801 -0.51 0.5267 0.401 0.3427 0.8496 -189.8343 453.7199 47.0142
transform "0NEW_EXT01" 1 0 0 0 1 0 0 0 1 -74.5225 533.338 26
camera -221.3306 487.2765 17.4206 -140.3097 469.6973 42.629 0 32.6531

frame 121
transform "kyles" -0.664 0.7474 -0.0243 -0.6457 -0.5566 0.5227 0.3771 0.3628 0.8522 -189.2903 453.3766 46.6176
transform "0NEW_EXT01" 1 0 0 0 1 0 0 0 1 -74.5225 533.338 26
camera -221.3306 487.2765 17.4206 -140.3097 469.6973 42.629 0 32.6531

frame 122
transform "kyles" -0.7122 0.7015 -0.025 -0.6105 -0.6015 0.5152 0.3464 0.3823 0.8567 -188.736 453.0936 46.1377
transform "0NEW_EXT01" 1 0 0 0 1 0 0 0 1 -74.5225 533.338 26
camera -221.3306 487.2765 17.4206 -140.3097 469.6973 42.629 0 32.6531

frame 123
transform "kyles" -0.7586 0.6506 -0.0337 -0.5754 -0.6449 0.503 0.3055 0.401 0.8637 -188.1163 452.8826 45.5757
transform "0NEW_EXT01" 1 0 0 0 1 0 0 0 1 -74.5225 533.338 26
camera -221.3306 487.2765 17.4206 -140.3097 469.6973 42.629 0 32.6531

frame 124
transform "kyles" -0.802 0.5953 -0.0494 -0.5397 -0.6866 0.4872 0.2561 0.4174 0.8719 -187.445 452.7368 44.9453
transform "0NEW_EXT01" 1 0 0 0 1 0 0 0 1 -74.5225 533.338 26
camera -221.3306 487.2765 17.4206 -140.3097 469.6973 42.629 0 32.6531

frame 125
transform "kyles" -0.8411 0.5362 -0.0712 -0.5027 -0.7261 0.4692 0.1999 0.4304 0.8802 -186.7356 452.649 44.2594
transform "0NEW_EXT01" 1 0 0 0 1 0 0 0 1 -74.5225 533.338 26
camera -221.3306 487.2765 17.4206 -140.3097 469.6973 42.629 0 32.6531

frame 126
transform "kyles" -0.8749 0.4743 -0.0977 -0.4639 -0.763 0.4501 0.1389 0.4391 0.8876 -186.0003 452.6114 43.53
transform "0NEW_EXT01" 1 0 0 0 1 0 0 0 1 -74.5225 533.338 26
camera -221.3306 487.2765 17.4206 -140.3097 469.6973 42.629 0 32.6531

frame 127
transform "kyles" -0.903 0.4104 -0.1275 -0.4231 -0.7971 0.4309 0.0752 0.4431 0.8933 -185.25 452.6163 42.7686
transform "0NEW_EXT01" 1 0 0 0 1 0 0 0 1 -74.5225 533.338 26
camera -221.3306 487.2765 17.4206 -140.3097 469.6973 42.629 0 32.6531

frame 128
transform "kyles" -0.9248 0.3456 -0.1589 -0.3802 -0.8277 0.4126 0.011 0.4421 0.8969 -184.4939 452.6558 41.9862
transform "0NEW_EXT01" 1 0 0 0 1 0 0 0 1 -74.5225 533.338 26
camera -221.3306 487.2765 17.4206 -140.3097 469.6973 42.629 0 32.6531

frame 129
transform "kyles" -0.9407 0.2809 -0.1902 -0.3353 -0.8548 0.3961 -0.0513 0.4364 0.8983 -183.7395 452.7224 41.1938
transform "0NEW_EXT01" 1 0 0 0 1 0 0 0 1 -74.5225 533.338 26
camera -221.3306 487.2765 17.4206 -140.3097 469.6973 42.629 0 32.6531

frame 130
transform "kyles" -0.9511 0.2175 -0.2194 -0.2888 -0.8779 0.3819 -0.1096 0.4266 0.8978 -182.9924 452.809 40.4024
transform "0NEW_EXT01" 1 0 0 0 1 0 0 0 1 -74.5225 533.338 26
camera -221.3306 487.2765 17.4206 -140.3097 469.6973 42.629 0 32.6531

frame 131
transform "kyles" -0.9569 0.156 -0.2448 -0.2411 -0.897 0.3706 -0.1618 0.4137 0.8959 -182.2568 452.9094 39.6233
transform "0NEW_EXT01" 1 0 0 0 1 0 0 0 1 -74.5225 533.338 26
camera -221.3306 487.2765 17.4206 -140.3097 469.6973 42.629 0 32.6531

frame 132
transform "kyles" -0.9594 0.0973 -0.2647 -0.1925 -0.9119 0.3625 -0.2061 0.3988 0.8936 -181.536 453.0181 38.8682
transform "0NEW_EXT01" 1 0 0 0 1 0 0 0 1 -74.5225 533.338 26
camera -221.3306 487.2765 17.4206 -140.3097 469.6973 42.629 0 32.6531

frame 133
transform "kyles" -0.9599 0.0421 -0.2771 -0.1437 -0.9227 0.3578 -0.2406 0.3833 0.8917 -180.8326 453.1304 38.149
transform "0NEW_EXT01" 1 0 0 0 1 0 0 0 1 -74.5225 533.338 26
camera -221.3306 487.2765 17.4206 -140.3097 469.6973 42.629 0 32.6531

frame 134
transform "kyles" -0.9598 -0.0093 -0.2805 -0.0952 -0.9295 0.3564 -0.264 0.3688 0.8912 -180.1494 453.2422 37.4781
transform "0NEW_EXT01" 1 0 0 0 1 0 0 0 1 -74.5225 533.338 26
camera -221.3306 487.2765 17.4206 -140.3097 469.6973 42.629 0 32.6531

frame 135
transform "kyles" -0.9602 -0.0573 -0.2733 -0.0464 -0.9323 0.3586 -0.2753 0.357 0.8926 -179.4457 453.3758 36.818
transform "0NEW_EXT01" 1 0 0 0 1 0 0 0 1 -74.5225 533.338 26
camera -221.3306 487.2765 17.4206 -140.3097 469.6973 42.629 0 32.6531

frame 136
transform "kyles" -0.9612 -0.1027 -0.256 0.0027 -0.9316 0.3635 -0.2758 0.3488 0.8957 -178.6886 453.5518 36.1308
transform "0NEW_EXT01" 1 0 0 0 1 0 0 0 1 -74.5225 533.338 26
camera -221.3306 487.2765 17.4206 -140.3097 469.6973 42.629 0 32.6531

frame 137
transform "kyles" -0.9622 -0.1454 -0.2302 0.0517 -0.9277 0.3698 -0.2673 0.3439 0.9001 -177.8934 453.7635 35.4277
transform "0NEW_EXT01" 1 0 0 0 1 0 0 0 1 -74.5225 533.338 26
camera -221.3306 487.2765 17.4206 -140.3097 469.6973 42.629 0 32.6531

frame 138
transform "kyles" -0.9626 -0.1852 -0.1976 0.1 -0.9212 0.3761 -0.2517 0.3423 0.9053 -177.076 454.0038 34.7204
transform "0NEW_EXT01" 1 0 0 0 1 0 0 0 1 -74.5225 533.338 26
camera -221.3306 487.2765 17.4206 -140.3097 469.6973 42.629 0 32.6531

frame 139
transform "kyles" -0.9618 -0.2222 -0.16 0.1474 -0.9126 0.3813 -0.2308 0.3432 0.9105 -176.252 454.2651 34.0207
transform "0NEW_EXT01" 1 0 0 0 1 0 0 0 1 -74.5225 533.338 26
camera -221.3306 487.2765 17.4206 -140.3097 469.6973 42.629 0 32.6531

frame 140
transform "kyles" -0.9593 -0.2561 -0.1193 0.1932 -0.9026 0.3847 -0.2062 0.346 0.9153 -175.4365 454.5403 33.3411
transform "0NEW_EXT01" 1 0 0 0 1 0 0 0 1 -74.5225 533.338 26
camera -221.3306 487.2765 17.4206 -140.3097 469.6973 42.629 0 32.6531

frame 141
transform "kyles" -0.9548 -0.2871 -0.0775 0.2369 -0.8917 0.3856 -0.1798 0.3498 0.9194 -174.6437 454.8225 32.6944
transform "0NEW_EXT01" 1 0 0 0 1 0 0 0 1 -74.5225 533.338 26
camera -221.3306 487.2765 17.4206 -140.3097 469.6973 42.629 0 32.6531

frame 142
transform "kyles" -0.9483 -0.3154 -0.0366 0.2781 -0.8806 0.3836 -0.1532 0.3536 0.9228 -173.8866 455.1051 32.0942
transform "0NEW_EXT01" 1 0 0 0 1 0 0 0 1 -74.5225 533.338 26
camera -221.3306 487.2765 17.4206 -140.3097 469.6973 42.629 0 32.6531

frame 143
transform "kyles" -0.94 -0.3411 0.0013 0.3162 -0.8699 0.3786 -0.128 0.3563 0.9256 -173.1773 455.382 31.5538
transform "0NEW_EXT01" 1 0 0 0 1 0 0 0 1 -74.5225 533.338 26
camera -221.3306 487.2765 17.4206 -140.3097 469.6973 42.629 0 32.6531

frame 144
transform "kyles" -0.9305 -0.3647 0.034 0.3507 -0.8601 0.3705 -0.1059 0.3567 0.9282 -172.527 455.6476 31.087
transform "0NEW_EXT01" 1 0 0 0 1 0 0 0 1 -74.5225 533.338 26
camera -221.3306 487.2765 17.4206 -140.3097 469.6973 42.629 0 32.6531

frame 145
transform "kyles" -0.9203 -0.3867 0.0595 0.3811 -0.8517 0.3597 -0.0884 0.3537 0.9312 -171.946 455.8962 30.7074
transform "0NEW_EXT01" 1 0 0 0 1 0 0 0 1 -74.5225 533.338 26
camera -221.3306 487.2765 17.4206 -140.3097 469.6973 42.629 0 32.6531

frame 146
transform "kyles" -0.9101 -0.4075 0.0757 0.4073 -0.8452 0.3462 -0.077 0.3459 0.9351 -171.4445 456.1221 30.4283
transform "0NEW_EXT01" 1 0 0 0 1 0 0 0 1 -74.5225 533.338 26
camera -221.3306 487.2765 17.4206 -140.3097 469.6973 42.629 0 32.6531

frame 147
transform "kyles" -0.9002 -0.427 0.0853 0.4298 -0.8401 0.3309 -0.0696 0.3345 0.9398 -170.9986 456.3328 30.2256
transform "0NEW_EXT01" 1 0 0 0 1 0 0 0 1 -74.5225 533.338 26
camera -221.3306 487.2765 17.4206 -140.3097 469.6973 42.629 0 32.6531

frame 148
transform "kyles" -0.8908 -0.445 0.092 0.45 -0.8358 0.3145 -0.063 0.3215 0.9448 -170.5765 456.5397 30.0645
transform "0NEW_EXT01" 1 0 0 0 1 0 0 0 1 -74.5225 533.338 26
camera -221.3306 487.2765 17.4206 -140.3097 469.6973 42.629 0 32.6531

frame 149
transform "kyles" -0.8818 -0.4617 0.0962 0.4681 -0.8322 0.2972 -0.0572 0.3071 0.95 -170.1763 456.7432 29.9421
transform "0NEW_EXT01" 1 0 0 0 1 0 0 0 1 -74.5225 533.338 26
camera -221.3306 487.2765 17.4206 -140.3097 469.6973 42.629 0 32.6531

frame 150
transform "kyles" -0.8734 -0.4771 0.098 0.4843 -0.8292 0.2791 -0.0519 0.2913 0.9552 -169.7963 456.9437 29.8556
transform "0NEW_EXT01" 1 0 0 0 1 0 0 0 1 -74.5225 533.338 26
camera -221.3306 487.2765 17.4206 -140.3097 469.6973 42.629 0 32.6531

frame 151
transform "kyles" -0.8654 -0.4914 0.0978 0.4988 -0.8266 0.2604 -0.0471 0.2742 0.9605 -169.435 457.1414 29.8022
transform "0NEW_EXT01" 1 0 0 0 1 0 0 0 1 -74.5225 533.338 26
camera -221.3306 487.2765 17.4206 -140.3097 469.6973 42.629 0 32.6531

frame 152
transform "kyles" -0.858 -0.5047 0.0957 0.5119 -0.8245 0.2412 -0.0428 0.256 0.9657 -169.091 457.3368 29.7791
transform "0NEW_EXT01" 1 0 0 0 1 0 0 0 1 -74.5225 533.338 26
camera -221.3306 487.2765 17.4206 -140.3097 469.6973 42.629 0 32.6531

frame 153
transform "kyles" -0.851 -0.517 0.092 0.5237 -0.8226 0.2215 -0.0388 0.2367 0.9708 -168.763 457.53 29.7834
transform "0NEW_EXT01" 1 0 0 0 1 0 0 0 1 -74.5225 533.338 26
camera -221.3306 487.2765 17.4206 -140.3097 469.6973 42.629 0 32.6531

frame 154
transform "kyles" -0.8444 -0.5286 0.087 0.5345 -0.8208 0.2015 -0.0351 0.2166 0.9756 -168.4496 457.7214 29.8124
transform "0NEW_EXT01" 1 0 0 0 1 0 0 0 1 -74.5225 533.338 26
camera -221.3306 487.2765 17.4206 -140.3097 469.6973 42.629 0 32.6531

frame 155
transform "kyles" -0.8382 -0.5394 0.0808 0.5445 -0.819 0.1812 -0.0316 0.1958 0.9801 -168.1498 457.9113 29.8633
transform "0NEW_EXT01" 1 0 0 0 1 0 0 0 1 -74.5225 533.338 26
camera -221.3306 487.2765 17.4206 -140.3097 469.6973 42.629 0 32.6531

frame 156
transform "kyles" -0.8322 -0.5496 0.0737 0.5538 -0.817 0.1606 -0.0281 0.1745 0.9843 -167.8622 458.0999 29.9333
transform "0NEW_EXT01" 1 0 0 0 1 0 0 0 1 -74.5225 533.338 26
camera -221.3306 487.2765 17.4206 -140.3097 469.6973 42.629 0 32.6531

frame 157
transform "kyles" -0.8263 -0.5594 0.0659 0.5627 -0.8147 0.14 -0.0246 0.1527 0.988 -167.5859 458.2877 30.0197
transform "0NEW_EXT01" 1 0 0 0 1 0 0 0 1 -74.5225 533.338 26
camera -221.3306 487.2765 17.4206 -140.3097 469.6973 42.629 0 32.6531

frame 158
transform "kyles" -0.8205 -0.5687 0.0576 0.5712 -0.8121 0.1193 -0.021 0.1308 0.9912 -167.3195 458.4751 30.1197
transform "0NEW_EXT01" 1 0 0 0 1 0 0 0 1 -74.5225 533.338 26
camera -221.3306 487.2765 17.4206 -140.3097 469.6973 42.629 0 32.6531

frame 159
transform "kyles" -0.8147 -0.5778 0.0492 0.5797 -0.8089 0.0986 -0.0172 0.1088 0.9939 -167.0622 458.6625 30.2307
