VERSION 201

frame 0
transform "kyles" 0 1 0 -1 0 0 0 0 1 541.3742 217.8428 208.4506
transform "01" 1 0 0 0 1 0 0 0 1 748.5 313.7828 197
camera 723.09 492.1508 195.9022 617.0562 288.6565 248.0817 0 32.6531

frame 1
transform "kyles" -0.0343 0.9994 -0.001 -0.9994 -0.0343 0.0086 0.0085 0.0013 1 541.0954 211.5599 209.0232
transform "01" 1 0 0 0 1 0 0 0 1 748.5 313.7828 197
camera 723.09 492.1508 195.9022 617.8783 287.968 248.3647 0 32.6531

frame 2
transform "kyles" -0.0639 0.998 0 -0.9978 -0.0639 0.016 0.016 0.001 0.9999 540.8257 205.2943 209.5883
transform "01" 1 0 0 0 1 0 0 0 1 748.5 313.7828 197
camera 723.09 492.1508 195.9022 618.7008 287.2798 248.6477 0 32.6531

frame 3
transform "kyles" -0.0901 0.9959 0.0024 -0.9957 -0.0901 0.0226 0.0227 -0.0004 0.9997 540.6013 199.062 210.1491
transform "01" 1 0 0 0 1 0 0 0 1 748.5 313.7828 197
camera 723.09 492.1508 195.9022 619.5239 286.5925 248.9303 0 32.6531

frame 4
transform "kyles" -0.1143 0.9934 0.0057 -0.993 -0.1144 0.0286 0.0291 -0.0024 0.9996 540.4581 192.8801 210.7083
transform "01" 1 0 0 0 1 0 0 0 1 748.5 313.7828 197
camera 723.09 492.1508 195.9022 620.348 285.9063 249.2126 0 32.6531

frame 5
transform "kyles" -0.1379 0.9904 0.0093 -0.9898 -0.1382 0.0344 0.0354 -0.0045 0.9994 540.4322 186.7662 211.2688
transform "01" 1 0 0 0 1 0 0 0 1 748.5 313.7828 197
camera 723.09 492.1508 195.9022 621.1735 285.2215 249.4943 0 32.6531

frame 6
transform "kyles" -0.1624 0.9866 0.0127 -0.9858 -0.1628 0.0404 0.0419 -0.006 0.9991 540.5594 180.7384 211.8331
transform "01" 1 0 0 0 1 0 0 0 1 748.5 313.7828 197
camera 723.09 492.1508 195.9022 622.0006 284.5387 249.7754 0 32.6531

frame 7
transform "kyles" -0.1891 0.9818 0.0155 -0.9807 -0.1896 0.0469 0.049 -0.0063 0.9988 540.8757 174.8155 212.4035
transform "01" 1 0 0 0 1 0 0 0 1 748.5 313.7828 197
camera 723.09 492.1508 195.9022 622.8297 283.8582 250.0556 0 32.6531

frame 8
transform "kyles" -0.2194 0.9755 0.0172 -0.974 -0.22 0.0543 0.0567 -0.0048 0.9984 541.4162 169.0169 212.9823
transform "01" 1 0 0 0 1 0 0 0 1 748.5 313.7828 197
camera 723.09 492.1508 195.9022 623.6611 283.1803 250.3349 0 32.6531

frame 9
transform "kyles" -0.2545 0.9669 0.0174 -0.9648 -0.2551 0.0631 0.0654 -0.0007 0.9979 542.2162 163.363 213.5714
transform "01" 1 0 0 0 1 0 0 0 1 748.5 313.7828 197
camera 723.09 492.1508 195.9022 624.4951 282.5054 250.6132 0 32.6531

frame 10
transform "kyles" -0.2958 0.9551 0.0159 -0.9523 -0.2961 0.0736 0.0751 0.0066 0.9972 543.3105 157.8751 214.1725
transform "01" 1 0 0 0 1 0 0 0 1 748.5 313.7828 197
camera 723.09 492.1508 195.9022 625.332 281.8339 250.8902 0 32.6531

frame 11
transform "kyles" -0.3441 0.9388 0.0125 -0.935 -0.3439 0.0865 0.0856 0.0181 0.9962 544.733 152.5761 214.7866
transform "01" 1 0 0 0 1 0 0 0 1 748.5 313.7828 197
camera 723.09 492.1508 195.9022 626.1723 281.1662 251.1659 0 32.6531

frame 12
transform "kyles" -0.4004 0.9163 0.0072 -0.9112 -0.399 0.1024 0.0967 0.0345 0.9947 546.5161 147.4906 215.4144
transform "01" 1 0 0 0 1 0 0 0 1 748.5 313.7828 197
camera 723.09 492.1508 195.9022 627.0162 280.5027 251.4402 0 32.6531

frame 13
transform "kyles" -0.4652 0.8852 0 -0.8786 -0.4617 0.1219 0.1079 0.0567 0.9925 548.6906 142.6452 216.0555
transform "01" 1 0 0 0 1 0 0 0 1 748.5 313.7828 197
camera 723.09 492.1508 195.9022 627.8641 279.8437 251.7128 0 32.6531

frame 14
transform "kyles" -0.5462 0.8376 -0.014 -0.8287 -0.5378 0.1547 0.1221 0.0961 0.9879 551.7975 138.0625 216.8021
transform "01" 1 0 0 0 1 0 0 0 1 748.5 313.7828 197
camera 723.09 492.1508 195.9022 628.7162 279.1897 251.9837 0 32.6531

frame 15
transform "kyles" -0.6449 0.7635 -0.0339 -0.752 -0.626 0.2063 0.1363 0.1585 0.9779 556.1727 133.8708 217.6753
transform "01" 1 0 0 0 1 0 0 0 1 748.5 313.7828 197
camera 723.09 492.1508 195.9022 629.5729 278.5409 252.2527 0 32.6531

frame 16
transform "kyles" -0.7502 0.6592 -0.0507 -0.6459 -0.7144 0.2693 0.1413 0.2348 0.9617 561.5308 130.2497 218.5692
transform "01" 1 0 0 0 1 0 0 0 1 748.5 313.7828 197
camera 723.09 492.1508 195.9022 630.4346 277.8978 252.5197 0 32.6531

frame 17
transform "kyles" -0.8496 0.5244 -0.0573 -0.5111 -0.7915 0.3352 0.1304 0.314 0.9404 567.5834 127.3623 219.3876
transform "01" 1 0 0 0 1 0 0 0 1 748.5 313.7828 197
camera 723.09 492.1508 195.9022 631.3016 277.2608 252.7846 0 32.6531

frame 18
transform "kyles" -0.9303 0.3634 -0.0499 -0.3527 -0.8487 0.3941 0.1008 0.3843 0.9177 574.0466 125.3526 220.0504
transform "01" 1 0 0 0 1 0 0 0 1 748.5 313.7828 197
camera 723.09 492.1508 195.9022 632.1741 276.6302 253.0472 0 32.6531

frame 19
transform "kyles" -0.9823 0.1849 -0.0292 -0.1789 -0.8817 0.4366 0.055 0.4341 0.8992 580.6519 124.3491 220.4969
transform "01" 1 0 0 0 1 0 0 0 1 748.5 313.7828 197
camera 723.09 492.1508 195.9022 633.0527 276.0064 253.3074 0 32.6531

frame 20
transform "kyles" -1 0 0 0 -0.891 0.454 0 0.454 0.891 587.1534 124.4725 220.6848
transform "01" 1 0 0 0 1 0 0 0 1 748.5 313.7828 197
camera 723.09 492.1508 195.9022 633.9374 275.3898 253.565 0 32.6531

frame 21
transform "kyles" -0.9744 -0.2226 0.0322 0.2145 -0.8767 0.4306 -0.0677 0.4265 0.902 594.9537 126.8063 220.4324
transform "01" 1 0 0 0 1 0 0 0 1 748.5 313.7828 197
camera 723.09 492.1508 195.9022 634.8287 274.7807 253.82 0 32.6531

frame 22
transform "kyles" -0.8765 -0.4785 0.0519 0.4627 -0.8079 0.365 -0.1328 0.344 0.9295 604.3486 131.5736 219.8024
transform "01" 1 0 0 0 1 0 0 0 1 748.5 313.7828 197
camera 723.09 492.1508 195.9022 635.727 274.1797 254.0722 0 32.6531

frame 23
transform "kyles" -0.7125 -0.7002 0.0454 0.6819 -0.6757 0.2801 -0.1655 0.2305 0.9589 613.5999 137.6218 219.086
transform "01" 1 0 0 0 1 0 0 0 1 748.5 313.7828 197
camera 723.09 492.1508 195.9022 636.6325 273.5869 254.3214 0 32.6531

frame 24
transform "kyles" -0.535 -0.8446 0.0197 0.8293 -0.5205 0.2033 -0.1615 0.1251 0.9789 621.1356 143.9263 218.4906
transform "01" 1 0 0 0 1 0 0 0 1 748.5 313.7828 197
camera 723.09 492.1508 195.9022 637.5456 273.0028 254.5676 0 32.6531

frame 25
transform "kyles" -0.4154 -0.9096 0 0.8984 -0.4103 0.1564 -0.1423 0.065 0.9877 625.428 149.6384 218.1579
transform "01" 1 0 0 0 1 0 0 0 1 748.5 313.7828 197
camera 723.09 492.1508 195.9022 638.4666 272.4279 254.8105 0 32.6531

frame 26
transform "kyles" -0.35 -0.9367 -0.006 0.9285 -0.3478 0.1304 -0.1242 0.0401 0.9914 627.3245 154.8324 217.978
transform "01" 1 0 0 0 1 0 0 0 1 748.5 313.7828 197
camera 723.09 492.1508 195.9022 639.3958 271.8623 255.0501 0 32.6531

frame 27
transform "kyles" -0.2913 -0.9566 -0.0107 0.951 -0.2908 0.1052 -0.1038 0.0205 0.9944 628.7534 160.0923 217.7646
transform "01" 1 0 0 0 1 0 0 0 1 748.5 313.7828 197
camera 723.09 492.1508 195.9022 640.3336 271.3067 255.2862 0 32.6531

frame 28
transform "kyles" -0.2395 -0.9708 -0.0143 0.9674 -0.2399 0.081 -0.0821 0.0056 0.9966 629.775 165.4097 217.5284
transform "01" 1 0 0 0 1 0 0 0 1 748.5 313.7828 197
camera 723.09 492.1508 195.9022 641.2803 270.7612 255.5187 0 32.6531

frame 29
transform "kyles" -0.1945 -0.9808 -0.0167 0.9791 -0.1952 0.0577 -0.0599 -0.0051 0.9982 630.4486 170.7753 217.2801
transform "01" 1 0 0 0 1 0 0 0 1 748.5 313.7828 197
camera 723.09 492.1508 195.9022 642.2363 270.2263 255.7475 0 32.6531

frame 30
transform "kyles" -0.1562 -0.9876 -0.0179 0.987 -0.1568 0.0353 -0.0377 -0.0122 0.9992 630.8333 176.1784 217.0307
transform "01" 1 0 0 0 1 0 0 0 1 748.5 313.7828 197
camera 723.09 492.1508 195.9022 643.2017 269.7024 255.9724 0 32.6531

frame 31
transform "kyles" -0.1243 -0.9921 -0.018 0.9921 -0.1246 0.014 -0.0161 -0.0162 0.9997 630.9873 181.6074 216.7912
transform "01" 1 0 0 0 1 0 0 0 1 748.5 313.7828 197
camera 723.09 492.1508 195.9022 644.1771 269.1899 256.1932 0 32.6531

frame 32
transform "kyles" -0.0983 -0.995 -0.0172 0.9951 -0.0982 -0.0062 0.0045 -0.0177 0.9998 630.9693 187.0499 216.573
transform "01" 1 0 0 0 1 0 0 0 1 748.5 313.7828 197
camera 723.09 492.1508 195.9022 645.1627 268.6891 256.41 0 32.6531

frame 33
transform "kyles" -0.0779 -0.9968 -0.0155 0.9967 -0.0775 -0.0251 0.0238 -0.0174 0.9996 630.8373 192.4927 216.3874
transform "01" 1 0 0 0 1 0 0 0 1 748.5 313.7828 197
camera 723.09 492.1508 195.9022 646.1588 268.2003 256.6224 0 32.6531

frame 34
transform "kyles" -0.0626 -0.998 -0.0132 0.9972 -0.062 -0.0425 0.0416 -0.0158 0.999 630.6498 197.9219 216.2457
transform "01" 1 0 0 0 1 0 0 0 1 748.5 313.7828 197
camera 723.09 492.1508 195.9022 647.1658 267.7242 256.8304 0 32.6531

frame 35
transform "kyles" -0.0519 -0.9986 -0.0104 0.997 -0.0512 -0.0582 0.0576 -0.0134 0.9983 630.4649 203.3235 216.1597
transform "01" 1 0 0 0 1 0 0 0 1 748.5 313.7828 197
camera 723.09 492.1508 195.9022 648.184 267.2608 257.0339 0 32.6531

frame 36
transform "kyles" -0.0454 -0.9989 -0.0075 0.9964 -0.0448 -0.072 0.0716 -0.0107 0.9974 630.3411 208.6828 216.1411
transform "01" 1 0 0 0 1 0 0 0 1 748.5 313.7828 197
camera 723.09 492.1508 195.9022 649.2137 266.8107 257.2327 0 32.6531

frame 37
transform "kyles" -0.0427 -0.9991 -0.0046 0.9956 -0.0421 -0.0838 0.0835 -0.0082 0.9965 630.3369 213.9851 216.2019
transform "01" 1 0 0 0 1 0 0 0 1 748.5 313.7828 197
camera 723.09 492.1508 195.9022 650.2552 266.3742 257.4267 0 32.6531

frame 38
transform "kyles" -0.0432 -0.9991 -0.0022 0.9947 -0.0428 -0.0933 0.0931 -0.0062 0.9956 630.5106 219.2153 216.3541
transform "01" 1 0 0 0 1 0 0 0 1 748.5 313.7828 197
camera 723.09 492.1508 195.9022 651.309 265.9517 257.6158 0 32.6531

frame 39
transform "kyles" -0.0466 -0.9989 -0.0005 0.9939 -0.0463 -0.1002 0.1001 -0.0052 0.995 630.9207 224.3584 216.6099
transform "01" 1 0 0 0 1 0 0 0 1 748.5 313.7828 197
camera 723.09 492.1508 195.9022 652.3753 265.5436 257.7997 0 32.6531

frame 40
transform "kyles" -0.0523 -0.9986 0 0.9932 -0.052 -0.1045 0.1044 -0.0055 0.9945 631.6255 229.3992 216.9816
transform "01" 1 0 0 0 1 0 0 0 1 748.5 313.7828 197
camera 723.09 492.1508 195.9022 653.4545 265.1503 257.9785 0 32.6531

frame 41
transform "kyles" -0.0597 -0.9982 -0.0001 0.9925 -0.0594 -0.1071 0.1069 -0.0065 0.9942 632.4965 234.3915 217.4722
transform "01" 1 0 0 0 1 0 0 0 1 748.5 313.7828 197
camera 723.09 492.1508 195.9022 654.5468 264.7721 258.1519 0 32.6531

frame 42
transform "kyles" -0.0683 -0.9977 -0.0001 0.9917 -0.0679 -0.1093 0.109 -0.0076 0.994 633.369 239.3952 218.0688
transform "01" 1 0 0 0 1 0 0 0 1 748.5 313.7828 197
camera 723.09 492.1508 195.9022 655.6526 264.4094 258.3198 0 32.6531

frame 43
transform "kyles" -0.078 -0.997 0 0.9908 -0.0775 -0.1109 0.1105 -0.0086 0.9938 634.2477 244.4037 218.7594
transform "01" 1 0 0 0 1 0 0 0 1 748.5 313.7828 197
camera 723.09 492.1508 195.9022 656.7723 264.0626 258.4821 0 32.6531

frame 44
transform "kyles" -0.0887 -0.9961 0.0003 0.9898 -0.0881 -0.112 0.1116 -0.0096 0.9937 635.1375 249.4109 219.5319
transform "01" 1 0 0 0 1 0 0 0 1 748.5 313.7828 197
camera 723.09 492.1508 195.9022 657.9061 263.732 258.6386 0 32.6531

frame 45
transform "kyles" -0.1004 -0.995 0.0006 0.9886 -0.0998 -0.1127 0.1122 -0.0107 0.9936 636.0433 254.4102 220.3746
transform "01" 1 0 0 0 1 0 0 0 1 748.5 313.7828 197
camera 723.09 492.1508 195.9022 659.0544 263.4181 258.7893 0 32.6531

frame 46
transform "kyles" -0.113 -0.9936 0.0011 0.9872 -0.1124 -0.113 0.1124 -0.0117 0.9936 636.9698 259.3952 221.2754
transform "01" 1 0 0 0 1 0 0 0 1 748.5 313.7828 197
camera 723.09 492.1508 195.9022 660.2177 263.1213 258.9339 0 32.6531

frame 47
transform "kyles" -0.1265 -0.992 0.0016 0.9856 -0.1259 -0.1128 0.1121 -0.0127 0.9936 637.9219 264.3597 222.2226
transform "01" 1 0 0 0 1 0 0 0 1 748.5 313.7828 197
camera 723.09 492.1508 195.9022 661.3959 262.8418 259.0724 0 32.6531

frame 48
transform "kyles" -0.1409 -0.99 0.0022 0.9837 -0.1403 -0.1123 0.1115 -0.0136 0.9937 638.9044 269.2971 223.2041
transform "01" 1 0 0 0 1 0 0 0 1 748.5 313.7828 197
camera 723.09 492.1508 195.9022 662.5898 262.5802 259.2046 0 32.6531

frame 49
transform "kyles" -0.1561 -0.9877 0.0029 0.9815 -0.1555 -0.1113 0.1104 -0.0146 0.9938 639.922 274.2011 224.2082
transform "01" 1 0 0 0 1 0 0 0 1 748.5 313.7828 197
camera 723.09 492.1508 195.9022 663.7994 262.3367 259.3304 0 32.6531

frame 50
transform "kyles" -0.172 -0.9851 0.0036 0.979 -0.1714 -0.11 0.109 -0.0154 0.9939 640.9796 279.0652 225.2228
transform "01" 1 0 0 0 1 0 0 0 1 748.5 313.7828 197
camera 723.09 492.1508 195.9022 665.0251 262.1117 259.4496 0 32.6531

frame 51
transform "kyles" -0.1886 -0.982 0.0043 0.9762 -0.188 -0.1083 0.1072 -0.0162 0.9941 642.082 283.8832 226.2361
transform "01" 1 0 0 0 1 0 0 0 1 748.5 313.7828 197
camera 723.09 492.1508 195.9022 666.2674 261.9056 259.5622 0 32.6531

frame 52
transform "kyles" -0.2059 -0.9786 0.005 0.9729 -0.2053 -0.1063 0.1051 -0.017 0.9943 643.234 288.6486 227.2361
transform "01" 1 0 0 0 1 0 0 0 1 748.5 313.7828 197
camera 723.09 492.1508 195.9022 667.5264 261.7189 259.6679 0 32.6531

frame 53
transform "kyles" -0.2237 -0.9746 0.0058 0.9692 -0.2231 -0.104 0.1027 -0.0177 0.9946 644.4404 293.3551 228.211
transform "01" 1 0 0 0 1 0 0 0 1 748.5 313.7828 197
camera 723.09 492.1508 195.9022 668.8026 261.5518 259.7667 0 32.6531

frame 54
transform "kyles" -0.242 -0.9702 0.0065 0.9651 -0.2414 -0.1014 0.0999 -0.0182 0.9948 645.7059 297.9962 229.1489
transform "01" 1 0 0 0 1 0 0 0 1 748.5 313.7828 197
camera 723.09 492.1508 195.9022 670.0963 261.4048 259.8583 0 32.6531

frame 55
transform "kyles" -0.2608 -0.9654 0.0072 0.9605 -0.2603 -0.0985 0.0969 -0.0187 0.9951 647.0354 302.5657 230.0379
transform "01" 1 0 0 0 1 0 0 0 1 748.5 313.7828 197
camera 723.09 492.1508 195.9022 671.4077 261.2783 259.9428 0 32.6531

frame 56
transform "kyles" -0.2801 -0.96 0.0079 0.9554 -0.2795 -0.0953 0.0937 -0.0191 0.9954 648.4336 307.0572 230.866
transform "01" 1 0 0 0 1 0 0 0 1 748.5 313.7828 197
camera 723.09 492.1508 195.9022 672.7372 261.1725 260.0199 0 32.6531

frame 57
transform "kyles" -0.2996 -0.954 0.0085 0.9498 -0.2991 -0.0919 0.0903 -0.0194 0.9957 649.9053 311.4644 231.6213
transform "01" 1 0 0 0 1 0 0 0 1 748.5 313.7828 197
camera 723.09 492.1508 195.9022 674.0852 261.0879 260.0895 0 32.6531

frame 58
transform "kyles" -0.3194 -0.9476 0.0091 0.9436 -0.319 -0.0883 0.0866 -0.0196 0.9961 651.4554 315.7808 232.2919
transform "01" 1 0 0 0 1 0 0 0 1 748.5 313.7828 197
camera 723.09 492.1508 195.9022 675.452 261.0249 260.1515 0 32.6531

frame 59
transform "kyles" -0.3395 -0.9406 0.0096 0.937 -0.3391 -0.0845 0.0827 -0.0197 0.9964 653.0884 320.0004 232.866
transform "01" 1 0 0 0 1 0 0 0 1 748.5 313.7828 197
camera 723.09 492.1508 195.9022 676.8379 260.9838 260.2057 0 32.6531

frame 60
transform "kyles" -0.3597 -0.933 0.01 0.9297 -0.3593 -0.0805 0.0787 -0.0196 0.9967 654.8094 324.1166 233.3315
transform "01" 1 0 0 0 1 0 0 0 1 748.5 313.7828 197
camera 723.09 492.1508 195.9022 678.2432 260.9651 260.2521 0 32.6531

frame 61
transform "kyles" -0.3801 -0.9249 0.0104 0.9219 -0.3797 -0.0764 0.0746 -0.0195 0.997 656.6334 328.1141 233.6991
transform "01" 1 0 0 0 1 0 0 0 1 748.5 313.7828 197
camera 723.09 492.1508 195.9022 679.6683 260.9691 260.2904 0 32.6531

frame 62
transform "kyles" -0.4005 -0.9163 0.0106 0.9136 -0.4001 -0.0721 0.0703 -0.0192 0.9973 658.5663 331.9879 233.991
transform "01" 1 0 0 0 1 0 0 0 1 748.5 313.7828 197
camera 723.09 492.1508 195.9022 681.1135 260.9961 260.3206 0 32.6531

frame 63
transform "kyles" -0.4208 -0.9071 0.0108 0.9047 -0.4206 -0.0678 0.066 -0.0188 0.9976 660.5994 335.748 234.2137
transform "01" 1 0 0 0 1 0 0 0 1 748.5 313.7828 197
camera 723.09 492.1508 195.9022 682.5791 261.0466 260.3424 0 32.6531

frame 64
transform "kyles" -0.4412 -0.8974 0.0108 0.8953 -0.4409 -0.0633 0.0616 -0.0183 0.9979 662.7234 339.4041 234.3732
transform "01" 1 0 0 0 1 0 0 0 1 748.5 313.7828 197
camera 723.09 492.1508 195.9022 684.0655 261.121 260.3559 0 32.6531

frame 65
transform "kyles" -0.4614 -0.8871 0.0108 0.8854 -0.4612 -0.0588 0.0571 -0.0176 0.9982 664.9293 342.9663 234.4757
transform "01" 1 0 0 0 1 0 0 0 1 748.5 313.7828 197
camera 723.09 492.1508 195.9022 685.5729 261.2195 260.3607 0 32.6531

frame 66
transform "kyles" -0.4814 -0.8764 0.0106 0.8749 -0.4812 -0.0543 0.0527 -0.0168 0.9985 667.2082 346.4443 234.5274
transform "01" 1 0 0 0 1 0 0 0 1 748.5 313.7828 197
camera 723.09 492.1508 195.9022 687.1019 261.3427 260.357 0 32.6531

frame 67
transform "kyles" -0.5012 -0.8653 0.0103 0.864 -0.5011 -0.0497 0.0482 -0.016 0.9987 669.551 349.8483 234.5344
transform "01" 1 0 0 0 1 0 0 0 1 748.5 313.7828 197
camera 723.09 492.1508 195.9022 688.6525 261.4908 260.3443 0 32.6531

frame 68
transform "kyles" -0.5207 -0.8537 0.01 0.8526 -0.5206 -0.0452 0.0438 -0.015 0.9989 671.9485 353.188 234.5029
transform "01" 1 0 0 0 1 0 0 0 1 748.5 313.7828 197
camera 723.09 492.1508 195.9022 690.2252 261.6643 260.3227 0 32.6531

frame 69
transform "kyles" -0.54 -0.8416 0.0095 0.8408 -0.5399 -0.0407 0.0394 -0.014 0.9991 674.3921 356.4734 234.439
transform "01" 1 0 0 0 1 0 0 0 1 748.5 313.7828 197
camera 723.09 492.1508 195.9022 691.8203 261.8636 260.292 0 32.6531

frame 70
transform "kyles" -0.5588 -0.8292 0.009 0.8286 -0.5587 -0.0362 0.0351 -0.0128 0.9993 676.8725 359.7146 234.3488
transform "01" 1 0 0 0 1 0 0 0 1 748.5 313.7828 197
camera 723.09 492.1508 195.9022 693.4381 262.0889 260.2521 0 32.6531

frame 71
transform "kyles" -0.5773 -0.8165 0.0083 0.816 -0.5772 -0.0319 0.0308 -0.0116 0.9995 679.3807 362.9215 234.2385
transform "01" 1 0 0 0 1 0 0 0 1 748.5 313.7828 197
camera 723.09 492.1508 195.9022 695.079 262.3407 260.2028 0 32.6531

frame 72
transform "kyles" -0.5952 -0.8035 0.0076 0.8031 -0.5952 -0.0276 0.0267 -0.0104 0.9996 681.908 366.1042 234.1142
transform "01" 1 0 0 0 1 0 0 0 1 748.5 313.7828 197
camera 723.09 492.1508 195.9022 696.7433 262.6194 260.144 0 32.6531

frame 73
transform "kyles" -0.6128 -0.7902 0.0068 0.7899 -0.6127 -0.0235 0.0227 -0.0091 0.9997 684.4451 369.2725 233.9821
transform "01" 1 0 0 0 1 0 0 0 1 748.5 313.7828 197
camera 723.09 492.1508 195.9022 698.4313 262.9253 260.0756 0 32.6531

frame 74
transform "kyles" -0.6298 -0.7768 0.0059 0.7766 -0.6297 -0.0195 0.0189 -0.0077 0.9998 686.9833 372.4365 233.8482
transform "01" 1 0 0 0 1 0 0 0 1 748.5 313.7828 197
camera 723.09 492.1508 195.9022 700.1434 263.2589 259.9975 0 32.6531

frame 75
transform "kyles" -0.6462 -0.7632 0.005 0.763 -0.6462 -0.0157 0.0152 -0.0064 0.9999 689.5135 375.6064 233.7186
transform "01" 1 0 0 0 1 0 0 0 1 748.5 313.7828 197
camera 723.09 492.1508 195.9022 701.8799 263.6205 259.9094 0 32.6531

frame 76
transform "kyles" -0.6621 -0.7494 0.004 0.7494 -0.6621 -0.0121 0.0117 -0.005 0.9999 692.0269 378.7921 233.5995
transform "01" 1 0 0 0 1 0 0 0 1 748.5 313.7828 197
camera 723.09 492.1508 195.9022 703.6411 264.0104 259.8113 0 32.6531

frame 77
transform "kyles" -0.6773 -0.7357 0.003 0.7356 -0.6773 -0.0087 0.0084 -0.0037 1 694.5144 382.0036 233.497
transform "01" 1 0 0 0 1 0 0 0 1 748.5 313.7828 197
camera 723.09 492.1508 195.9022 705.4272 264.4291 259.7031 0 32.6531

frame 78
transform "kyles" -0.692 -0.7219 0.002 0.7219 -0.692 -0.0055 0.0054 -0.0024 1 696.9672 385.2511 233.4172
transform "01" 1 0 0 0 1 0 0 0 1 748.5 313.7828 197
camera 723.09 492.1508 195.9022 707.2388 264.8769 259.5845 0 32.6531

frame 79
transform "kyles" -0.706 -0.7082 0.001 0.7082 -0.706 -0.0026 0.0026 -0.0012 1 699.3764 388.5445 233.3661
transform "01" 1 0 0 0 1 0 0 0 1 748.5 313.7828 197
camera 723.09 492.1508 195.9022 709.0761 265.3542 259.4555 0 32.6531

frame 80
transform "kyles" -0.7193 -0.6947 0 0.6947 -0.7193 0 0 0 1 701.7331 391.8941 233.3499
transform "01" 1 0 0 0 1 0 0 0 1 748.5 313.7828 197
camera 723.09 492.1508 195.9022 710.9394 265.8615 259.3159 0 32.6531

frame 81
transform "kyles" -0.6401 -0.7683 0 0.7683 -0.6401 0 0 0 1 705.5219 393.9734 233.3499
transform "01" 1 0 0 0 1 0 0 0 1 748.5 313.7828 197
camera 723.09 492.1508 195.9022 712.8277 266.3975 259.1662 0 32.6531

frame 82
transform "kyles" -0.5358 -0.8443 0.009 0.8354 -0.5317 -0.1392 0.1223 -0.067 0.9902 709.3067 396 233.349
transform "01" 1 0 0 0 1 0 0 0 1 748.5 313.7828 197
camera 723.09 492.1508 195.9022 714.7397 266.9606 259.0069 0 32.6531

frame 83
transform "kyles" -0.4226 -0.9063 0 0.8712 -0.4062 -0.2756 0.2498 -0.1165 0.9613 713.069 397.9776 233.4064
transform "01" 1 0 0 0 1 0 0 0 1 748.5 313.7828 197
camera 723.09 492.1508 195.9022 716.675 267.5505 258.8382 0 32.6531

frame 84
transform "kyles" -0.5295 -0.8418 0.1052 0.8214 -0.5397 -0.1845 0.2121 -0.0113 0.9772 714.9528 399.9183 233.0822
transform "01" 1 0 0 0 1 0 0 0 1 748.5 313.7828 197
camera 723.09 492.1508 195.9022 718.6333 268.1669 258.66 0 32.6531

frame 85
transform "kyles" -0.6319 -0.7464 0.2088 0.751 -0.6562 -0.0735 0.1918 0.1104 0.9752 716.7769 401.8472 232.8697
transform "01" 1 0 0 0 1 0 0 0 1 748.5 313.7828 197
camera 723.09 492.1508 195.9022 720.6144 268.8094 258.4726 0 32.6531

frame 86
transform "kyles" -0.7229 -0.6282 0.2878 0.666 -0.7444 0.0481 0.184 0.2264 0.9565 718.5994 403.6148 232.6789
transform "01" 1 0 0 0 1 0 0 0 1 748.5 313.7828 197
camera 723.09 492.1508 195.9022 722.618 269.4778 258.2761 0 32.6531

frame 87
transform "kyles" -0.7991 -0.5052 0.3259 0.5742 -0.802 0.1646 0.1782 0.3186 0.931 720.4883 405.1194 232.4022
transform "01" 1 0 0 0 1 0 0 0 1 748.5 313.7828 197
camera 723.09 492.1508 195.9022 724.6439 270.1717 258.0706 0 32.6531

frame 88
transform "kyles" -0.861 -0.3998 0.3145 0.483 -0.8365 0.2588 0.1596 0.3747 0.9133 722.5235 406.2846 231.904
transform "01" 1 0 0 0 1 0 0 0 1 748.5 313.7828 197
camera 723.09 492.1508 195.9022 726.6916 270.8907 257.8562 0 32.6531

frame 89
transform "kyles" -0.917 -0.3073 0.2542 0.3812 -0.8628 0.3321 0.1172 0.4014 0.9084 724.8426 407.1878 231.1145
transform "01" 1 0 0 0 1 0 0 0 1 748.5 313.7828 197
camera 723.09 492.1508 195.9022 728.7609 271.6346 257.633 0 32.6531

frame 90
transform "kyles" -0.9642 -0.2138 0.1567 0.2593 -0.8838 0.3895 0.0552 0.4162 0.9076 727.3882 407.966 230.1295
transform "01" 1 0 0 0 1 0 0 0 1 748.5 313.7828 197
camera 723.09 492.1508 195.9022 730.8516 272.403 257.4012 0 32.6531

frame 91
transform "kyles" -0.9912 -0.1268 0.0381 0.1309 -0.8965 0.4233 -0.0195 0.4245 0.9052 729.9697 408.633 229.0289
transform "01" 1 0 0 0 1 0 0 0 1 748.5 313.7828 197
camera 723.09 492.1508 195.9022 732.9634 273.1956 257.1608 0 32.6531

frame 92
transform "kyles" -0.9951 -0.0539 -0.0834 0.0126 -0.9016 0.4324 -0.0985 0.4292 0.8978 732.4312 409.2024 227.8827
transform "01" 1 0 0 0 1 0 0 0 1 748.5 313.7828 197
camera 723.09 492.1508 195.9022 735.0959 274.012 256.9119 0 32.6531

frame 93
transform "kyles" -0.9818 -0.0026 -0.19 -0.0795 -0.9025 0.4232 -0.1725 0.4306 0.8859 734.6543 409.6854 226.7633
transform "01" 1 0 0 0 1 0 0 0 1 748.5 313.7828 197
camera 723.09 492.1508 195.9022 737.249 274.852 256.6548 0 32.6531

frame 94
transform "kyles" -0.9637 0.0204 -0.2663 -0.1315 -0.9039 0.407 -0.2324 0.4272 0.8738 736.5474 410.0894 225.7556
transform "01" 1 0 0 0 1 0 0 0 1 748.5 313.7828 197
camera 723.09 492.1508 195.9022 739.4222 275.7151 256.3894 0 32.6531

frame 95
transform "kyles" -0.9541 0.0085 -0.2995 -0.1324 -0.9087 0.396 -0.2688 0.4174 0.868 738.0237 410.42 224.9559
transform "01" 1 0 0 0 1 0 0 0 1 748.5 313.7828 197
camera 723.09 492.1508 195.9022 741.6154 276.6012 256.116 0 32.6531

frame 96
transform "kyles" -0.9521 -0.0264 -0.3048 -0.0998 -0.915 0.3909 -0.2892 0.4026 0.8685 739.2242 410.6894 224.2951
transform "01" 1 0 0 0 1 0 0 0 1 748.5 313.7828 197
camera 723.09 492.1508 195.9022 743.8281 277.5099 255.8345 0 32.6531

frame 97
transform "kyles" -0.9498 -0.0678 -0.3055 -0.0584 -0.9207 0.3859 -0.3074 0.3843 0.8705 740.3585 410.9092 223.6385
transform "01" 1 0 0 0 1 0 0 0 1 748.5 313.7828 197
camera 723.09 492.1508 195.9022 746.0603 278.4407 255.5453 0 32.6531

frame 98
transform "kyles" -0.9463 -0.1149 -0.302 -0.0092 -0.9247 0.3806 -0.323 0.363 0.874 741.4294 411.0848 222.9872
transform "01" 1 0 0 0 1 0 0 0 1 748.5 313.7828 197
camera 723.09 492.1508 195.9022 748.3115 279.3934 255.2482 0 32.6531

frame 99
transform "kyles" -0.9408 -0.1672 -0.2949 0.047 -0.9259 0.3748 -0.3357 0.3388 0.8789 742.4398 411.2218 222.3424
transform "01" 1 0 0 0 1 0 0 0 1 748.5 313.7828 197
camera 723.09 492.1508 195.9022 750.5815 280.3677 254.9436 0 32.6531

frame 100
transform "kyles" -0.9322 -0.2237 -0.2846 0.1092 -0.9233 0.3681 -0.3451 0.3121 0.8851 743.3923 411.3253 221.7054
transform "01" 1 0 0 0 1 0 0 0 1 748.5 313.7828 197
camera 723.09 492.1508 195.9022 752.87 281.3633 254.6315 0 32.6531

frame 101
transform "kyles" -0.9197 -0.2837 -0.2716 0.1762 -0.9161 0.3602 -0.351 0.2834 0.8925 744.2899 411.4001 221.0774
transform "01" 1 0 0 0 1 0 0 0 1 748.5 313.7828 197
camera 723.09 492.1508 195.9022 755.1767 282.3798 254.3119 0 32.6531

frame 102
transform "kyles" -0.9025 -0.3461 -0.2564 0.2468 -0.9034 0.3508 -0.353 0.2533 0.9007 745.1362 411.4509 220.46
transform "01" 1 0 0 0 1 0 0 0 1 748.5 313.7828 197
camera 723.09 492.1508 195.9022 757.5013 283.4169 253.9851 0 32.6531

frame 103
transform "kyles" -0.8801 -0.4099 -0.2396 0.3196 -0.8847 0.3395 -0.3511 0.2222 0.9096 745.9353 411.4821 219.8547
transform "01" 1 0 0 0 1 0 0 0 1 748.5 313.7828 197
camera 723.09 492.1508 195.9022 759.8437 284.4742 253.6511 0 32.6531

frame 104
transform "kyles" -0.8521 -0.474 -0.2218 0.3932 -0.8596 0.3263 -0.3453 0.1908 0.9189 746.6921 411.4981 219.263
transform "01" 1 0 0 0 1 0 0 0 1 748.5 313.7828 197
camera 723.09 492.1508 195.9022 762.2033 285.5515 253.3101 0 32.6531

frame 105
transform "kyles" -0.8184 -0.5374 -0.2035 0.4664 -0.8281 0.3111 -0.3357 0.1597 0.9283 747.4123 411.5031 218.6865
transform "01" 1 0 0 0 1 0 0 0 1 748.5 313.7828 197
camera 723.09 492.1508 195.9022 764.58 286.6484 252.9621 0 32.6531

frame 106
transform "kyles" -0.7791 -0.5989 -0.1854 0.5376 -0.7904 0.2939 -0.3225 0.1293 0.9377 748.1028 411.5015 218.1265
transform "01" 1 0 0 0 1 0 0 0 1 748.5 313.7828 197
camera 723.09 492.1508 195.9022 766.9736 287.7646 252.6073 0 32.6531

frame 107
transform "kyles" -0.7346 -0.6574 -0.1679 0.6056 -0.7468 0.2749 -0.3061 0.1002 0.9467 748.7711 411.4981 217.5844
transform "01" 1 0 0 0 1 0 0 0 1 748.5 313.7828 197
camera 723.09 492.1508 195.9022 769.3836 288.8997 252.2458 0 32.6531

frame 108
transform "kyles" -0.6854 -0.7122 -0.1516 0.6693 -0.6981 0.2543 -0.287 0.0728 0.9552 749.4257 411.4982 217.0613
transform "01" 1 0 0 0 1 0 0 0 1 748.5 313.7828 197
camera 723.09 492.1508 195.9022 771.8099 290.0535 251.8778 0 32.6531

frame 109
transform "kyles" -0.6324 -0.7625 -0.1369 0.7277 -0.6453 0.2327 -0.2658 0.0475 0.9629 750.0756 411.5077 216.558
transform "01" 1 0 0 0 1 0 0 0 1 748.5 313.7828 197
camera 723.09 492.1508 195.9022 774.252 291.2256 251.5032 0 32.6531

frame 110
transform "kyles" -0.5765 -0.8076 -0.1242 0.7801 -0.5893 0.2103 -0.243 0.0244 0.9697 750.7309 411.533 216.0751
transform "01" 1 0 0 0 1 0 0 0 1 748.5 313.7828 197
camera 723.09 492.1508 195.9022 776.7099 292.4157 251.1224 0 32.6531

frame 111
transform "kyles" -0.519 -0.8472 -0.1137 0.8261 -0.5313 0.1878 -0.2195 0.0036 0.9756 751.4016 411.5815 215.6126
transform "01" 1 0 0 0 1 0 0 0 1 748.5 313.7828 197
camera 723.09 492.1508 195.9022 779.1832 293.6234 250.7352 0 32.6531

frame 112
transform "kyles" -0.461 -0.8811 -0.1056 0.8655 -0.4727 0.1658 -0.196 -0.0149 0.9805 752.0982 411.6613 215.1704
transform "01" 1 0 0 0 1 0 0 0 1 748.5 313.7828 197
camera 723.09 492.1508 195.9022 781.6714 294.8484 250.342 0 32.6531

frame 113
transform "kyles" -0.4038 -0.9094 -0.1 0.8983 -0.4148 0.1449 -0.1732 -0.0313 0.9844 752.8311 411.7814 214.7481
transform "01" 1 0 0 0 1 0 0 0 1 748.5 313.7828 197
camera 723.09 492.1508 195.9022 784.1746 296.0905 249.9427 0 32.6531

frame 114
transform "kyles" -0.3486 -0.9323 -0.0968 0.9249 -0.3588 0.1256 -0.1518 -0.0458 0.9873 753.611 411.9513 214.3448
transform "01" 1 0 0 0 1 0 0 0 1 748.5 313.7828 197
camera 723.09 492.1508 195.9022 786.6921 297.3492 249.5376 0 32.6531

frame 115
transform "kyles" -0.2965 -0.9502 -0.0962 0.9458 -0.3062 0.1085 -0.1326 -0.0588 0.9894 754.4479 412.1812 213.9594
transform "01" 1 0 0 0 1 0 0 0 1 748.5 313.7828 197
camera 723.09 492.1508 195.9022 789.224 298.6242 249.1266 0 32.6531

frame 116
transform "kyles" -0.2489 -0.9636 -0.0978 0.9615 -0.2579 0.0943 -0.1161 -0.0706 0.9907 755.3517 412.4818 213.5908
transform "01" 1 0 0 0 1 0 0 0 1 748.5 313.7828 197
camera 723.09 492.1508 195.9022 791.7698 299.9153 248.7101 0 32.6531

frame 117
transform "kyles" -0.2066 -0.9731 -0.1017 0.973 -0.2153 0.0835 -0.1031 -0.0817 0.9913 756.332 412.8641 213.2375
transform "01" 1 0 0 0 1 0 0 0 1 748.5 313.7828 197
camera 723.09 492.1508 195.9022 794.3292 301.222 248.2879 0 32.6531

frame 118
transform "kyles" -0.1706 -0.9794 -0.1077 0.9808 -0.1792 0.0764 -0.0941 -0.0926 0.9912 757.3979 413.3389 212.8983
transform "01" 1 0 0 0 1 0 0 0 1 748.5 313.7828 197
camera 723.09 492.1508 195.9022 796.902 302.5441 247.8604 0 32.6531

frame 119
transform "kyles" -0.1416 -0.9831 -0.1157 0.9859 -0.1506 0.0735 -0.0897 -0.1037 0.9906 758.5885 413.9056 212.5878
transform "01" 1 0 0 0 1 0 0 0 1 748.5 313.7828 197
camera 723.09 492.1508 195.9022 799.488 303.8813 247.4275 0 32.6531

frame 120
transform "kyles" -0.1194 -0.9849 -0.1256 0.9888 -0.1294 0.0747 -0.0898 -0.1153 0.9893 759.9248 414.5547 212.3184
transform "01" 1 0 0 0 1 0 0 0 1 748.5 313.7828 197
camera 723.09 492.1508 195.9022 802.0867 305.2331 246.9894 0 32.6531

frame 121
transform "kyles" -0.1034 -0.9852 -0.137 0.9902 -0.1149 0.0794 -0.094 -0.1275 0.9874 761.3881 415.2835 212.0851
transform "01" 1 0 0 0 1 0 0 0 1 748.5 313.7828 197
camera 723.09 492.1508 195.9022 804.698 306.5994 246.5462 0 32.6531

frame 122
transform "kyles" -0.0928 -0.9844 -0.1496 0.9905 -0.1066 0.0872 -0.1018 -0.1401 0.9849 762.9597 416.089 211.8833
transform "01" 1 0 0 0 1 0 0 0 1 748.5 313.7828 197
camera 723.09 492.1508 195.9022 807.3215 307.9797 246.0981 0 32.6531

frame 123
transform "kyles" -0.087 -0.9828 -0.1631 0.9898 -0.1038 0.0976 -0.1129 -0.1529 0.9818 764.6207 416.9676 211.7087
transform "01" 1 0 0 0 1 0 0 0 1 748.5 313.7828 197
camera 723.09 492.1508 195.9022 809.957 309.3737 245.6451 0 32.6531

frame 124
transform "kyles" -0.0853 -0.9805 -0.1773 0.9883 -0.1059 0.1101 -0.1268 -0.1658 0.978 766.3524 417.9151 211.5571
transform "01" 1 0 0 0 1 0 0 0 1 748.5 313.7828 197
camera 723.09 492.1508 195.9022 812.6041 310.7812 245.1874 0 32.6531

frame 125
transform "kyles" -0.0869 -0.9775 -0.1919 0.9859 -0.112 0.1242 -0.1429 -0.1784 0.9735 768.1359 418.9275 211.4244
transform "01" 1 0 0 0 1 0 0 0 1 748.5 313.7828 197
camera 723.09 492.1508 195.9022 815.2626 312.2016 244.7251 0 32.6531

frame 126
transform "kyles" -0.0912 -0.9741 -0.2069 0.9827 -0.1216 0.1394 -0.161 -0.1906 0.9684 769.9525 420.0004 211.3065
transform "01" 1 0 0 0 1 0 0 0 1 748.5 313.7828 197
camera 723.09 492.1508 195.9022 817.9321 313.6349 244.2582 0 32.6531

frame 127
transform "kyles" -0.0975 -0.9702 -0.222 0.9788 -0.1339 0.1553 -0.1804 -0.2021 0.9626 771.7838 421.1293 211.1994
transform "01" 1 0 0 0 1 0 0 0 1 748.5 313.7828 197
camera 723.09 492.1508 195.9022 820.6125 315.0806 243.787 0 32.6531

frame 128
transform "kyles" -0.1052 -0.9658 -0.2369 0.974 -0.1481 0.1714 -0.2006 -0.2128 0.9563 773.611 422.31 211.099
transform "01" 1 0 0 0 1 0 0 0 1 748.5 313.7828 197
camera 723.09 492.1508 195.9022 823.3035 316.5383 243.3115 0 32.6531

frame 129
transform "kyles" -0.1135 -0.9612 -0.2515 0.9686 -0.1634 0.1873 -0.2211 -0.2224 0.9496 775.4159 423.5382 211.0011
transform "01" 1 0 0 0 1 0 0 0 1 748.5 313.7828 197
camera 723.09 492.1508 195.9022 826.0047 318.0079 242.8318 0 32.6531

frame 130
transform "kyles" -0.122 -0.9564 -0.2655 0.9627 -0.1791 0.2027 -0.2414 -0.2309 0.9426 777.1801 424.8099 210.9014
transform "01" 1 0 0 0 1 0 0 0 1 748.5 313.7828 197
camera 723.09 492.1508 195.9022 828.7159 319.4888 242.3481 0 32.6531

frame 131
transform "kyles" -0.13 -0.9516 -0.2785 0.9566 -0.1943 0.2173 -0.2609 -0.2382 0.9355 778.8854 426.1209 210.7955
transform "01" 1 0 0 0 1 0 0 0 1 748.5 313.7828 197
camera 723.09 492.1508 195.9022 831.4368 320.981 241.8605 0 32.6531

frame 132
transform "kyles" -0.137 -0.9471 -0.2904 0.9504 -0.2083 0.2308 -0.2791 -0.2443 0.9287 780.5137 427.4674 210.6792
transform "01" 1 0 0 0 1 0 0 0 1 748.5 313.7828 197
camera 723.09 492.1508 195.9022 834.167 322.4838 241.369 0 32.6531

frame 133
transform "kyles" -0.1426 -0.943 -0.3007 0.9447 -0.2203 0.243 -0.2954 -0.2494 0.9223 782.0471 428.8456 210.5479
transform "01" 1 0 0 0 1 0 0 0 1 748.5 313.7828 197
camera 723.09 492.1508 195.9022 836.9063 323.9972 240.8739 0 32.6531

frame 134
transform "kyles" -0.1461 -0.9397 -0.3091 0.9397 -0.2295 0.2536 -0.3093 -0.2534 0.9166 783.4676 430.2518 210.3973
transform "01" 1 0 0 0 1 0 0 0 1 748.5 313.7828 197
camera 723.09 492.1508 195.9022 839.6545 325.5206 240.3752 0 32.6531

frame 135
transform "kyles" -0.1472 -0.9375 -0.3154 0.9358 -0.2352 0.2625 -0.3202 -0.2565 0.912 784.7571 431.682 210.2227
transform "01" 1 0 0 0 1 0 0 0 1 748.5 313.7828 197
camera 723.09 492.1508 195.9022 842.4111 327.0539 239.873 0 32.6531

frame 136
transform "kyles" -0.1452 -0.9365 -0.3191 0.9335 -0.2366 0.2693 -0.3277 -0.2588 0.9086 785.898 433.1326 210.0198
transform "01" 1 0 0 0 1 0 0 0 1 748.5 313.7828 197
camera 723.09 492.1508 195.9022 845.1761 328.5966 239.3674 0 32.6531

frame 137
transform "kyles" -0.1399 -0.937 -0.32 0.9331 -0.2328 0.274 -0.3313 -0.2603 0.9069 786.8719 434.5995 209.7841
transform "01" 1 0 0 0 1 0 0 0 1 748.5 313.7828 197
camera 723.09 492.1508 195.9022 847.949 330.1486 238.8587 0 32.6531

frame 138
transform "kyles" -0.1304 -0.9392 -0.3177 0.9348 -0.2233 0.2762 -0.3304 -0.261 0.9071 787.661 436.0784 209.5112
transform "01" 1 0 0 0 1 0 0 0 1 748.5 313.7828 197
camera 723.09 492.1508 195.9022 850.7296 331.7093 238.3467 0 32.6531

frame 139
transform "kyles" -0.118 -0.9426 -0.3125 0.9381 -0.209 0.2762 -0.3256 -0.2605 0.9089 788.2704 437.6263 209.2053
transform "01" 1 0 0 0 1 0 0 0 1 748.5 313.7828 197
camera 723.09 492.1508 195.9022 853.5176 333.2785 237.8318 0 32.6531

frame 140
transform "kyles" -0.1038 -0.9468 -0.3046 0.9423 -0.1916 0.2744 -0.3182 -0.2586 0.9121 788.7262 439.2931 208.8751
transform "01" 1 0 0 0 1 0 0 0 1 748.5 313.7828 197
camera 723.09 492.1508 195.9022 856.3127 334.8559 237.3141 0 32.6531

frame 141
transform "kyles" -0.0881 -0.9516 -0.2945 0.9472 -0.1715 0.2709 -0.3083 -0.255 0.9165 789.0405 441.0633 208.5229
transform "01" 1 0 0 0 1 0 0 0 1 748.5 313.7828 197
camera 723.09 492.1508 195.9022 859.1147 336.4412 236.7935 0 32.6531

frame 142
transform "kyles" -0.0708 -0.9567 -0.2822 0.9525 -0.1489 0.2658 -0.2963 -0.25 0.9218 789.2258 442.9214 208.151
transform "01" 1 0 0 0 1 0 0 0 1 748.5 313.7828 197
camera 723.09 492.1508 195.9022 861.9232 338.0339 236.2703 0 32.6531

frame 143
transform "kyles" -0.0521 -0.962 -0.2682 0.9579 -0.1241 0.2589 -0.2823 -0.2434 0.9279 789.2946 444.8518 207.7618
transform "01" 1 0 0 0 1 0 0 0 1 748.5 313.7828 197
camera 723.09 492.1508 195.9022 864.738 339.6339 235.7445 0 32.6531

frame 144
transform "kyles" -0.032 -0.9671 -0.2525 0.9633 -0.0972 0.2503 -0.2666 -0.2352 0.9346 789.2591 446.8391 207.3574
transform "01" 1 0 0 0 1 0 0 0 1 748.5 313.7828 197
camera 723.09 492.1508 195.9022 867.5587 341.2407 235.2163 0 32.6531

frame 145
transform "kyles" -0.0105 -0.9718 -0.2355 0.9683 -0.0686 0.2401 -0.2495 -0.2256 0.9417 789.1318 448.8677 206.9402
transform "01" 1 0 0 0 1 0 0 0 1 748.5 313.7828 197
camera 723.09 492.1508 195.9022 870.3851 342.8541 234.6858 0 32.6531

frame 146
transform "kyles" 0.0123 -0.976 -0.2175 0.9728 -0.0386 0.2284 -0.2313 -0.2144 0.949 788.9252 450.9223 206.5126
transform "01" 1 0 0 0 1 0 0 0 1 748.5 313.7828 197
camera 723.09 492.1508 195.9022 873.2169 344.4736 234.1531 0 32.6531

frame 147
transform "kyles" 0.0362 -0.9794 -0.1986 0.9766 -0.0075 0.215 -0.2121 -0.2017 0.9562 788.6517 452.9875 206.077
transform "01" 1 0 0 0 1 0 0 0 1 748.5 313.7828 197
camera 723.09 492.1508 195.9022 876.0539 346.0991 233.6184 0 32.6531

frame 148
transform "kyles" 0.0611 -0.9819 -0.1792 0.9794 0.0244 0.2003 -0.1923 -0.1877 0.9632 788.3242 455.0481 205.6356
transform "01" 1 0 0 0 1 0 0 0 1 748.5 313.7828 197
camera 723.09 492.1508 195.9022 878.8957 347.7301 233.0816 0 32.6531

frame 149
transform "kyles" 0.0869 -0.9834 -0.1595 0.9812 0.0568 0.1842 -0.1721 -0.1725 0.9699 787.9551 457.0889 205.1908
transform "01" 1 0 0 0 1 0 0 0 1 748.5 313.7828 197
camera 723.09 492.1508 195.9022 881.7421 349.3664 232.543 0 32.6531

frame 150
transform "kyles" 0.1134 -0.9837 -0.1397 0.9819 0.0894 0.167 -0.1518 -0.1561 0.976 787.5574 459.0949 204.7449
transform "01" 1 0 0 0 1 0 0 0 1 748.5 313.7828 197
camera 723.09 492.1508 195.9022 884.5927 351.0075 232.0027 0 32.6531

frame 151
transform "kyles" 0.1404 -0.9828 -0.1201 0.9813 0.122 0.1488 -0.1316 -0.1387 0.9815 787.1437 461.0511 204.3002
transform "01" 1 0 0 0 1 0 0 0 1 748.5 313.7828 197
camera 723.09 492.1508 195.9022 887.4473 352.6532 231.4608 0 32.6531

frame 152
transform "kyles" 0.1677 -0.9807 -0.1009 0.9795 0.1541 0.1299 -0.1118 -0.1206 0.9864 786.7271 462.9428 203.859
transform "01" 1 0 0 0 1 0 0 0 1 748.5 313.7828 197
camera 723.09 492.1508 195.9022 890.3056 354.3032 230.9173 0 32.6531

frame 153
transform "kyles" 0.1952 -0.9773 -0.0823 0.9764 0.1857 0.1105 -0.0927 -0.1019 0.9905 786.3205 464.7554 203.4234
transform "01" 1 0 0 0 1 0 0 0 1 748.5 313.7828 197
camera 723.09 492.1508 195.9022 893.1673 355.9571 230.3725 0 32.6531

frame 154
transform "kyles" 0.2225 -0.9728 -0.0646 0.9721 0.2163 0.0907 -0.0743 -0.0829 0.9938 785.9368 466.4743 202.9958
transform "01" 1 0 0 0 1 0 0 0 1 748.5 313.7828 197
camera 723.09 492.1508 195.9022 896.0321 357.6146 229.8264 0 32.6531

frame 155
transform "kyles" 0.2495 -0.9672 -0.0478 0.9667 0.2459 0.071 -0.0569 -0.0639 0.9963 785.5891 468.085 202.578
transform "01" 1 0 0 0 1 0 0 0 1 748.5 313.7828 197
camera 723.09 492.1508 195.9022 898.8998 359.2754 229.2792 0 32.6531

frame 156
transform "kyles" 0.2759 -0.9606 -0.0322 0.9603 0.2741 0.0515 -0.0407 -0.0451 0.9982 785.2904 469.5735 202.1721
transform "01" 1 0 0 0 1 0 0 0 1 748.5 313.7828 197
camera 723.09 492.1508 195.9022 901.7701 360.9391 228.7309 0 32.6531

frame 157
transform "kyles" 0.3015 -0.9533 -0.0178 0.9531 0.3009 0.0327 -0.0258 -0.0268 0.9993 785.0537 470.9253 201.7801
transform "01" 1 0 0 0 1 0 0 0 1 748.5 313.7828 197
camera 723.09 492.1508 195.9022 904.6426 362.6053 228.1817 0 32.6531

frame 158
transform "kyles" 0.3261 -0.9453 -0.0048 0.9452 0.326 0.0147 -0.0124 -0.0094 0.9999 784.8922 472.1266 201.4039
transform "01" 1 0 0 0 1 0 0 0 1 748.5 313.7828 197
camera 723.09 492.1508 195.9022 907.5172 364.274 227.6316 0 32.6531

frame 159
transform "kyles" 0.3261 -0.9453 -0.0048 0.9452 0.326 0.0147 -0.0124 -0.0094 0.9999 784.8521 473.525 200.9834
transform "01" 1 0 0 0 1 0 0 0 1 748.5 313.7828 197
camera 723.09 492.1508 195.9022 910.3934 365.9445 227.0809 0 32.6531

frame 160
transform "kyles" 0.3261 -0.9453 -0.0048 0.9452 0.326 0.0147 -0.0124 -0.0094 0.9999 784.8198 474.7078 200.5715
transform "01" 1 0 0 0 1 0 0 0 1 748.5 313.7828 197
camera 723.09 492.1508 195.9022 913.2711 367.6167 226.5296 0 32.6531

frame 161
transform "kyles" 0.3261 -0.9453 -0.0048 0.9452 0.326 0.0147 -0.0124 -0.0094 0.9999 784.7946 475.6929 200.1674
transform "01" 1 0 0 0 1 0 0 0 1 748.5 313.7828 197
camera 723.09 492.1508 195.9022 916.1498 369.2902 225.9779 0 32.6531

frame 162
transform "kyles" 0.3261 -0.9453 -0.0048 0.9452 0.326 0.0147 -0.0124 -0.0094 0.9999 784.7759 476.4985 199.7704
transform "01" 1 0 0 0 1 0 0 0 1 748.5 313.7828 197
camera 723.09 492.1508 195.9022 919.0295 370.9647 225.4258 0 32.6531

frame 163
transform "kyles" 0.3261 -0.9453 -0.0048 0.9452 0.326 0.0147 -0.0124 -0.0094 0.9999 784.7629 477.1427 199.3798
transform "01" 1 0 0 0 1 0 0 0 1 748.5 313.7828 197
camera 723.09 492.1508 195.9022 921.9097 372.6398 224.8734 0 32.6531

frame 164
transform "kyles" 0.3261 -0.9453 -0.0048 0.9452 0.326 0.0147 -0.0124 -0.0094 0.9999 784.7552 477.6436 198.9949
transform "01" 1 0 0 0 1 0 0 0 1 748.5 313.7828 197
camera 723.09 492.1508 195.9022 924.7902 374.3153 224.321 0 32.6531

frame 165
transform "kyles" 0.3261 -0.9453 -0.0048 0.9452 0.326 0.0147 -0.0124 -0.0094 0.9999 784.7519 478.0192 198.615
