VERSION 201

frame 0
transform "kyles" -0.515 -0.8572 0 0.8572 -0.515 0 0 0 1 31.3496 449.182 19.4002
transform "-1EXT01" 1 0 0 0 1 0 0 0 1 -54.5 406.9413 12.65
camera 66.3751 416.1291 11.7353 29.2714 438.3434 14.0216 0 52.1739

frame 1
transform "kyles" -0.515 -0.8572 0.0039 0.8572 -0.515 0 0.002 0.0034 1 31.3512 449.1847 19.1531
transform "-1EXT01" 1 0 0 0 1 0 0 0 1 -54.5 406.9413 12.65
camera 66.3751 416.1291 11.7353 29.2714 438.3434 14.0216 0 52.1739

frame 2
transform "kyles" -0.515 -0.8571 0.0085 0.8572 -0.515 0 0.0044 0.0073 1 31.353 449.1877 18.9082
transform "-1EXT01" 1 0 0 0 1 0 0 0 1 -54.5 406.9413 12.65
camera 66.3751 416.1291 11.7353 29.2714 438.3434 14.0216 0 52.1739

frame 3
transform "kyles" -0.515 -0.8571 0.0136 0.8572 -0.515 0 0.007 0.0116 0.9999 31.3549 449.1909 18.6717
transform "-1EXT01" 1 0 0 0 1 0 0 0 1 -54.5 406.9413 12.65
camera 66.3751 416.1291 11.7353 29.2714 438.3434 14.0216 0 52.1739

frame 4
transform "kyles" -0.5149 -0.857 0.0187 0.8572 -0.515 0 0.0096 0.016 0.9998 31.3569 449.1942 18.4499
transform "-1EXT01" 1 0 0 0 1 0 0 0 1 -54.5 406.9413 12.65
camera 66.3751 416.1291 11.7353 29.2714 438.3434 14.0216 0 52.1739

frame 5
transform "kyles" -0.5149 -0.8569 0.0236 0.8572 -0.515 0 0.0121 0.0202 0.9997 31.3586 449.1971 18.249
transform "-1EXT01" 1 0 0 0 1 0 0 0 1 -54.5 406.9413 12.65
camera 66.3751 416.1291 11.7353 29.2714 438.3434 14.0216 0 52.1739

frame 6
transform "kyles" -0.5148 -0.8568 0.028 0.8572 -0.515 0 0.0144 0.024 0.9996 31.3602 449.1998 18.0753
transform "-1EXT01" 1 0 0 0 1 0 0 0 1 -54.5 406.9413 12.65
camera 66.3751 416.1291 11.7353 29.2714 438.3434 14.0216 0 52.1739

frame 7
transform "kyles" -0.5148 -0.8567 0.0316 0.8572 -0.515 0 0.0163 0.0271 0.9995 31.3615 449.2018 17.9349
transform "-1EXT01" 1 0 0 0 1 0 0 0 1 -54.5 406.9413 12.65
camera 66.3751 416.1291 11.7353 29.2714 438.3434 14.0216 0 52.1739

frame 8
transform "kyles" -0.5147 -0.8567 0.0342 0.8572 -0.515 0 0.0176 0.0293 0.9994 31.3623 449.2033 17.8342
transform "-1EXT01" 1 0 0 0 1 0 0 0 1 -54.5 406.9413 12.65
camera 66.3751 416.1291 11.7353 29.2714 438.3434 14.0216 0 52.1739

frame 9
transform "kyles" -0.5147 -0.8566 0.0354 0.8572 -0.515 0 0.0182 0.0303 0.9994 31.3627 449.2039 17.7795
transform "-1EXT01" 1 0 0 0 1 0 0 0 1 -54.5 406.9413 12.65
camera 66.3751 416.1291 11.7353 29.2714 438.3434 14.0216 0 52.1739

frame 10
transform "kyles" -0.5147 -0.8566 0.0349 0.8572 -0.515 0 0.018 0.0299 0.9994 31.3626 449.2037 17.7768
transform "-1EXT01" 1 0 0 0 1 0 0 0 1 -54.5 406.9413 12.65
camera 66.3751 416.1291 11.7353 29.2714 438.3434 14.0216 0 52.1739

frame 11
transform "kyles" -0.5147 -0.8567 0.033 0.8572 -0.515 -0.0014 0.0182 0.0275 0.9995 31.3627 449.2021 17.8194
transform "-1EXT01" 1 0 0 0 1 0 0 0 1 -54.5 406.9413 12.65
camera 66.3751 416.1291 11.7353 29.2714 438.3434 14.0216 0 52.1739

frame 12
transform "kyles" -0.5147 -0.8569 0.03 0.8572 -0.515 -0.0051 0.0199 0.0231 0.9995 31.3638 449.1992 17.8936
transform "-1EXT01" 1 0 0 0 1 0 0 0 1 -54.5 406.9413 12.65
camera 66.3751 416.1291 11.7353 29.2714 438.3434 14.0216 0 52.1739

frame 13
transform "kyles" -0.5146 -0.857 0.0263 0.8571 -0.515 -0.0106 0.0226 0.017 0.9996 31.3657 449.195 17.9958
transform "-1EXT01" 1 0 0 0 1 0 0 0 1 -54.5 406.9413 12.65
camera 66.3751 416.1291 11.7353 29.2714 438.3434 14.0216 0 52.1739

frame 14
transform "kyles" -0.5145 -0.8572 0.0218 0.8571 -0.5149 -0.0173 0.0261 0.0097 0.9996 31.3681 449.1899 18.1221
transform "-1EXT01" 1 0 0 0 1 0 0 0 1 -54.5 406.9413 12.65
camera 66.3751 416.1291 11.7353 29.2714 438.3434 14.0216 0 52.1739

frame 15
transform "kyles" -0.5144 -0.8574 0.0167 0.857 -0.5147 -0.0246 0.0297 0.0017 0.9996 31.3707 449.1841 18.2687
transform "-1EXT01" 1 0 0 0 1 0 0 0 1 -54.5 406.9413 12.65
camera 66.3751 416.1291 11.7353 29.2714 438.3434 14.0216 0 52.1739

frame 16
transform "kyles" -0.5144 -0.8575 0.0112 0.8569 -0.5145 -0.0319 0.0331 -0.0068 0.9994 31.3733 449.1778 18.432
transform "-1EXT01" 1 0 0 0 1 0 0 0 1 -54.5 406.9413 12.65
camera 66.3751 416.1291 11.7353 29.2714 438.3434 14.0216 0 52.1739

frame 17
transform "kyles" -0.5144 -0.8576 0.0054 0.8568 -0.5142 -0.0386 0.0359 -0.0152 0.9992 31.3754 449.1713 18.6082
transform "-1EXT01" 1 0 0 0 1 0 0 0 1 -54.5 406.9413 12.65
camera 66.3751 416.1291 11.7353 29.2714 438.3434 14.0216 0 52.1739

frame 18
transform "kyles" -0.5144 -0.8576 -0.0006 0.8567 -0.5139 -0.0441 0.0375 -0.0232 0.999 31.3769 449.1649 18.7936
transform "-1EXT01" 1 0 0 0 1 0 0 0 1 -54.5 406.9413 12.65
camera 66.3751 416.1291 11.7353 29.2714 438.3434 14.0216 0 52.1739

frame 19
transform "kyles" -0.5144 -0.8575 -0.0065 0.8567 -0.5136 -0.0478 0.0377 -0.0302 0.9988 31.3772 449.1589 18.9845
transform "-1EXT01" 1 0 0 0 1 0 0 0 1 -54.5 406.9413 12.65
camera 66.3751 416.1291 11.7353 29.2714 438.3434 14.0216 0 52.1739

frame 20
transform "kyles" -0.5145 -0.8574 -0.0124 0.8567 -0.5134 -0.0492 0.0358 -0.0359 0.9987 31.3761 449.1538 19.1772
transform "-1EXT01" 1 0 0 0 1 0 0 0 1 -54.5 406.9413 12.65
camera 66.3751 416.1291 11.7353 29.2714 438.3434 14.0216 0 52.1739

frame 21
transform "kyles" -0.5146 -0.8572 -0.018 0.8568 -0.5134 -0.0476 0.0316 -0.0399 0.9987 31.3731 449.15 19.3679
transform "-1EXT01" 1 0 0 0 1 0 0 0 1 -54.5 406.9413 12.65
camera 66.3751 416.1291 11.7353 29.2714 438.3434 14.0216 0 52.1739

frame 22
transform "kyles" -0.5147 -0.8571 -0.0231 0.857 -0.5135 -0.0425 0.0245 -0.0417 0.9988 31.3677 449.1479 19.553
transform "-1EXT01" 1 0 0 0 1 0 0 0 1 -54.5 406.9413 12.65
camera 66.3751 416.1291 11.7353 29.2714 438.3434 14.0216 0 52.1739

frame 23
transform "kyles" -0.5147 -0.8569 -0.0278 0.8572 -0.5139 -0.0333 0.0142 -0.0409 0.9991 31.3596 449.1479 19.7287
transform "-1EXT01" 1 0 0 0 1 0 0 0 1 -54.5 406.9413 12.65
camera 66.3751 416.1291 11.7353 29.2714 438.3434 14.0216 0 52.1739

frame 24
transform "kyles" -0.5148 -0.8568 -0.0318 0.8573 -0.5144 -0.0193 0.0002 -0.0372 0.9993 31.3485 449.1505 19.8911
transform "-1EXT01" 1 0 0 0 1 0 0 0 1 -54.5 406.9413 12.65
camera 66.3751 416.1291 11.7353 29.2714 438.3434 14.0216 0 52.1739

frame 25
transform "kyles" -0.5147 -0.8566 -0.0349 0.8572 -0.515 0 -0.018 -0.0299 0.9994 31.334 449.1561 20.0365
transform "-1EXT01" 1 0 0 0 1 0 0 0 1 -54.5 406.9413 12.65
camera 66.3751 416.1291 11.7353 29.2714 438.3434 14.0216 0 52.1739

frame 26
transform "kyles" -0.519 -0.854 -0.0379 0.8536 -0.5201 0.03 -0.0453 -0.0168 0.9988 31.276 449.1699 20.0389
transform "-1EXT01" 1 0 0 0 1 0 0 0 1 -54.5 406.9413 12.65
camera 66.3751 416.1291 11.7353 29.2714 438.3434 14.0216 0 52.1739

frame 27
transform "kyles" -0.5299 -0.847 -0.0417 0.8438 -0.5316 0.0734 -0.0844 0.0038 0.9964 31.1292 449.1999 20.0388
transform "-1EXT01" 1 0 0 0 1 0 0 0 1 -54.5 406.9413 12.65
camera 66.3751 416.1291 11.7353 29.2714 438.3434 14.0216 0 52.1739

frame 28
transform "kyles" -0.5448 -0.8373 -0.0465 0.8281 -0.5459 0.1272 -0.1319 0.0308 0.9908 30.8872 449.2495 20.0376
transform "-1EXT01" 1 0 0 0 1 0 0 0 1 -54.5 406.9413 12.65
camera 66.3751 416.1291 11.7353 29.2714 438.3434 14.0216 0 52.1739

frame 29
transform "kyles" -0.5608 -0.8263 -0.0523 0.8071 -0.5596 0.1879 -0.1845 0.0632 0.9808 30.5452 449.3219 20.0359
transform "-1EXT01" 1 0 0 0 1 0 0 0 1 -54.5 406.9413 12.65
camera 66.3751 416.1291 11.7353 29.2714 438.3434 14.0216 0 52.1739

frame 30
transform "kyles" -0.5753 -0.8158 -0.0587 0.7822 -0.5697 0.2522 -0.2392 0.0992 0.9659 30.1002 449.4204 20.0334
transform "-1EXT01" 1 0 0 0 1 0 0 0 1 -54.5 406.9413 12.65
camera 66.3751 416.1291 11.7353 29.2714 438.3434 14.0216 0 52.1739

frame 31
transform "kyles" -0.5861 -0.8076 -0.0648 0.7554 -0.5736 0.3167 -0.2929 0.1366 0.9463 29.5512 449.5486 20.0284
transform "-1EXT01" 1 0 0 0 1 0 0 0 1 -54.5 406.9413 12.65
camera 66.3751 416.1291 11.7353 29.2714 438.3434 14.0216 0 52.1739

frame 32
transform "kyles" -0.5911 -0.8036 -0.0693 0.7298 -0.5695 0.3783 -0.3435 0.173 0.9231 28.8982 449.7093 20.018
transform "-1EXT01" 1 0 0 0 1 0 0 0 1 -54.5 406.9413 12.65
camera 66.3751 416.1291 11.7353 29.2714 438.3434 14.0216 0 52.1739

frame 33
transform "kyles" -0.5885 -0.8054 -0.0704 0.7088 -0.5559 0.4343 -0.389 0.2057 0.898 28.1419 449.9052 19.9983
transform "-1EXT01" 1 0 0 0 1 0 0 0 1 -54.5 406.9413 12.65
camera 66.3751 416.1291 11.7353 29.2714 438.3434 14.0216 0 52.1739

frame 34
transform "kyles" -0.5765 -0.8144 -0.0662 0.696 -0.5319 0.4823 -0.428 0.232 0.8735 27.2826 450.1374 19.9653
transform "-1EXT01" 1 0 0 0 1 0 0 0 1 -54.5 406.9413 12.65
camera 66.3751 416.1291 11.7353 29.2714 438.3434 14.0216 0 52.1739

frame 35
transform "kyles" -0.5528 -0.8315 -0.0548 0.6952 -0.4964 0.5199 -0.4595 0.2492 0.8525 26.3186 450.405 19.9152
transform "-1EXT01" 1 0 0 0 1 0 0 0 1 -54.5 406.9413 12.65
camera 66.3751 416.1291 11.7353 29.2714 438.3434 14.0216 0 52.1739

frame 36
transform "kyles" -0.5147 -0.8566 -0.0349 0.7091 -0.4482 0.5443 -0.4819 0.2554 0.8382 25.2451 450.7043 19.8464
transform "-1EXT01" 1 0 0 0 1 0 0 0 1 -54.5 406.9413 12.65
camera 66.3751 416.1291 11.7353 29.2714 438.3434 14.0216 0 52.1739

frame 37
transform "kyles" -0.4615 -0.8871 -0.0068 0.7335 -0.3859 0.5595 -0.499 0.2532 0.8288 24.0612 451.025 19.7586
transform "-1EXT01" 1 0 0 0 1 0 0 0 1 -54.5 406.9413 12.65
camera 66.3751 416.1291 11.7353 29.2714 438.3434 14.0216 0 52.1739

frame 38
transform "kyles" -0.3947 -0.9184 0.0279 0.7607 -0.3096 0.5705 -0.5153 0.2464 0.8208 22.774 451.351 19.6537
transform "-1EXT01" 1 0 0 0 1 0 0 0 1 -54.5 406.9413 12.65
camera 66.3751 416.1291 11.7353 29.2714 438.3434 14.0216 0 52.1739

frame 39
transform "kyles" -0.3151 -0.9466 0.0682 0.7873 -0.2206 0.5758 -0.53 0.2351 0.8147 21.3861 451.6675 19.5367
transform "-1EXT01" 1 0 0 0 1 0 0 0 1 -54.5 406.9413 12.65
camera 66.3751 416.1291 11.7353 29.2714 438.3434 14.0216 0 52.1739

frame 40
transform "kyles" -0.2238 -0.9681 0.1126 0.8097 -0.1204 0.5743 -0.5424 0.2197 0.8109 19.8979 451.9616 19.4131
transform "-1EXT01" 1 0 0 0 1 0 0 0 1 -54.5 406.9413 12.65
camera 66.3751 416.1291 11.7353 29.2714 438.3434 14.0216 0 52.1739

frame 41
transform "kyles" -0.1227 -0.9795 0.1596 0.825 -0.0112 0.565 -0.5516 0.201 0.8095 18.3159 452.2218 19.2886
transform "-1EXT01" 1 0 0 0 1 0 0 0 1 -54.5 406.9413 12.65
camera 66.3751 416.1291 11.7353 29.2714 438.3434 14.0216 0 52.1739

frame 42
transform "kyles" -0.0141 -0.9782 0.2071 0.8304 0.1039 0.5474 -0.557 0.1797 0.8108 16.6912 452.43 19.166
transform "-1EXT01" 1 0 0 0 1 0 0 0 1 -54.5 406.9413 12.65
camera 66.3751 416.1291 11.7353 29.2714 438.3434 14.0216 0 52.1739

frame 43
transform "kyles" 0.0989 -0.9624 0.2531 0.8239 0.2218 0.5215 -0.5581 0.1569 0.8148 15.0283 452.5832 19.051
transform "-1EXT01" 1 0 0 0 1 0 0 0 1 -54.5 406.9413 12.65
camera 66.3751 416.1291 11.7353 29.2714 438.3434 14.0216 0 52.1739

frame 44
transform "kyles" 0.213 -0.9313 0.2956 0.8044 0.3388 0.488 -0.5546 0.1339 0.8213 13.3235 452.6849 18.9491
transform "-1EXT01" 1 0 0 0 1 0 0 0 1 -54.5 406.9413 12.65
camera 66.3751 416.1291 11.7353 29.2714 438.3434 14.0216 0 52.1739

frame 45
transform "kyles" 0.3246 -0.8853 0.3329 0.7719 0.4514 0.4477 -0.5467 0.1117 0.8299 11.573 452.7434 18.8644
transform "-1EXT01" 1 0 0 0 1 0 0 0 1 -54.5 406.9413 12.65
camera 66.3751 416.1291 11.7353 29.2714 438.3434 14.0216 0 52.1739

frame 46
transform "kyles" 0.4305 -0.826 0.3638 0.7272 0.5562 0.4023 -0.5346 0.0913 0.8401 9.7717 452.7715 18.7994
transform "-1EXT01" 1 0 0 0 1 0 0 0 1 -54.5 406.9413 12.65
camera 66.3751 416.1291 11.7353 29.2714 438.3434 14.0216 0 52.1739

frame 47
transform "kyles" 0.5279 -0.7559 0.3873 0.6722 0.6505 0.3535 -0.5191 0.0737 0.8515 7.9125 452.7855 18.754
transform "-1EXT01" 1 0 0 0 1 0 0 0 1 -54.5 406.9413 12.65
camera 66.3751 416.1291 11.7353 29.2714 438.3434 14.0216 0 52.1739

frame 48
transform "kyles" 0.6144 -0.6782 0.4032 0.6095 0.7325 0.3033 -0.501 0.0595 0.8634 5.9847 452.8044 18.7261
transform "-1EXT01" 1 0 0 0 1 0 0 0 1 -54.5 406.9413 12.65
camera 66.3751 416.1291 11.7353 29.2714 438.3434 14.0216 0 52.1739

frame 49
transform "kyles" 0.6886 -0.5967 0.412 0.5423 0.801 0.2536 -0.4813 0.0488 0.8752 3.9745 452.849 18.7107
transform "-1EXT01" 1 0 0 0 1 0 0 0 1 -54.5 406.9413 12.65
camera 66.3751 416.1291 11.7353 29.2714 438.3434 14.0216 0 52.1739

frame 50
transform "kyles" 0.7501 -0.5154 0.4144 0.4741 0.8559 0.2063 -0.461 0.0418 0.8864 1.8639 452.9402 18.701
transform "-1EXT01" 1 0 0 0 1 0 0 0 1 -54.5 406.9413 12.65
camera 66.3751 416.1291 11.7353 29.2714 438.3434 14.0216 0 52.1739

frame 51
transform "kyles" 0.799 -0.4382 0.4118 0.4085 0.8981 0.163 -0.4413 0.038 0.8966 -0.368 453.098 18.6884
transform "-1EXT01" 1 0 0 0 1 0 0 0 1 -54.5 406.9413 12.65
camera 66.3751 416.1291 11.7353 29.2714 438.3434 14.0216 0 52.1739

frame 52
transform "kyles" 0.8363 -0.3687 0.4059 0.3488 0.9288 0.1251 -0.4231 0.037 0.9053 -2.7449 453.3414 18.6631
transform "-1EXT01" 1 0 0 0 1 0 0 0 1 -54.5 406.9413 12.65
camera 66.3751 416.1291 11.7353 29.2714 438.3434 14.0216 0 52.1739

frame 53
transform "kyles" 0.8632 -0.3102 0.3984 0.2982 0.9499 0.0937 -0.4075 0.0379 0.9124 -5.2921 453.6871 18.615
transform "-1EXT01" 1 0 0 0 1 0 0 0 1 -54.5 406.9413 12.65
camera 66.3751 416.1291 11.7353 29.2714 438.3434 14.0216 0 52.1739

frame 54
transform "kyles" 0.8811 -0.2657 0.3912 0.2595 0.9632 0.0696 -0.3953 0.0402 0.9177 -8.0352 454.1504 18.5338
transform "-1EXT01" 1 0 0 0 1 0 0 0 1 -54.5 406.9413 12.65
camera 66.3751 416.1291 11.7353 29.2714 438.3434 14.0216 0 52.1739

frame 55
transform "kyles" 0.8915 -0.2374 0.3858 0.2352 0.9705 0.0536 -0.3872 0.0429 0.921 -10.9988 454.7446 18.4102
transform "-1EXT01" 1 0 0 0 1 0 0 0 1 -54.5 406.9413 12.65
camera 66.3751 416.1291 11.7353 29.2714 438.3434 14.0216 0 52.1739

frame 56
transform "kyles" 0.8949 -0.2276 0.3838 0.2274 0.9727 0.0466 -0.384 0.0456 0.9222 -14.2052 455.4821 18.2359
transform "-1EXT01" 1 0 0 0 1 0 0 0 1 -54.5 406.9413 12.65
camera 66.3751 416.1291 11.7353 29.2714 438.3434 14.0216 0 52.1739

frame 57
transform "kyles" 0.894 -0.2281 0.3857 0.2304 0.9722 0.0408 -0.3843 0.0523 0.9217 -16.9873 456.2169 18.0551
transform "-1EXT01" 1 0 0 0 1 0 0 0 1 -54.5 406.9413 12.65
camera 66.3751 416.1291 11.7353 29.2714 438.3434 14.0216 0 52.1739

frame 58
transform "kyles" 0.8918 -0.2292 0.3901 0.2364 0.9712 0.03 -0.3857 0.0654 0.9203 -20.3001 457.1755 17.8196
transform "-1EXT01" 1 0 0 0 1 0 0 0 1 -54.5 406.9413 12.65
camera 66.3751 416.1291 11.7353 29.2714 438.3434 14.0216 0 52.1739

frame 59
transform "kyles" 0.8891 -0.2304 0.3955 0.2438 0.9697 0.017 -0.3874 0.0813 0.9183 -24.0963 458.3205 17.536
transform "-1EXT01" 1 0 0 0 1 0 0 0 1 -54.5 406.9413 12.65
camera 66.3751 416.1291 11.7353 29.2714 438.3434 14.0216 0 52.1739

frame 60
transform "kyles" 0.8866 -0.2315 0.4004 0.2508 0.968 0.0044 -0.3887 0.0965 0.9163 -28.3286 459.6144 17.2109
transform "-1EXT01" 1 0 0 0 1 0 0 0 1 -54.5 406.9413 12.65
camera 66.3751 416.1291 11.7353 29.2714 438.3434 14.0216 0 52.1739

frame 61
transform "kyles" 0.8852 -0.232 0.4033 0.2556 0.9668 -0.0048 -0.3888 0.1074 0.9151 -32.9497 461.0202 16.8512
transform "-1EXT01" 1 0 0 0 1 0 0 0 1 -54.5 406.9413 12.65
camera 66.3751 416.1291 11.7353 29.2714 438.3434 14.0216 0 52.1739

frame 62
transform "kyles" 0.8856 -0.2318 0.4025 0.2567 0.9665 -0.0081 -0.3871 0.1105 0.9154 -37.9126 462.5012 16.4639
transform "-1EXT01" 1 0 0 0 1 0 0 0 1 -54.5 406.9413 12.65
camera 66.3751 416.1291 11.7353 29.2714 438.3434 14.0216 0 52.1739

frame 63
transform "kyles" 0.8886 -0.2305 0.3966 0.2522 0.9677 -0.0027 -0.3831 0.1024 0.918 -43.1701 464.0201 16.0558
transform "-1EXT01" 1 0 0 0 1 0 0 0 1 -54.5 406.9413 12.65
camera 66.3751 416.1291 11.7353 29.2714 438.3434 14.0216 0 52.1739

frame 64
transform "kyles" 0.8949 -0.2276 0.3838 0.2406 0.9705 0.0144 -0.3758 0.0795 0.9233 -48.6742 465.539 15.6336
transform "-1EXT01" 1 0 0 0 1 0 0 0 1 -54.5 406.9413 12.65
camera 66.3751 416.1291 11.7353 29.2714 438.3434 14.0216 0 52.1739

frame 65
transform "kyles" 0.9053 -0.2236 0.3611 0.2217 0.974 0.0473 -0.3623 0.0372 0.9313 -54.3764 467.0241 15.21
transform "-1EXT01" 1 0 0 0 1 0 0 0 1 -54.5 406.9413 12.65
camera 66.3751 416.1291 11.7353 29.2714 438.3434 14.0216 0 52.1739

frame 66
transform "kyles" 0.9191 -0.2178 0.3284 0.197 0.9757 0.0957 -0.3413 -0.0233 0.9397 -60.2239 468.4415 14.7839
transform "-1EXT01" 1 0 0 0 1 0 0 0 1 -54.5 406.9413 12.65
camera 66.3751 416.1291 11.7353 29.2714 438.3434 14.0216 0 52.1739

frame 67
transform "kyles" 0.9344 -0.2077 0.2893 0.1682 0.9734 0.1556 -0.3139 -0.0967 0.9445 -66.1614 469.7525 14.3395
transform "-1EXT01" 1 0 0 0 1 0 0 0 1 -54.5 406.9413 12.65
camera 66.3751 416.1291 11.7353 29.2714 438.3434 14.0216 0 52.1739

frame 68
transform "kyles" 0.9497 -0.1913 0.2477 0.1364 0.9653 0.2225 -0.2817 -0.1775 0.9429 -72.1345 470.9214 13.8605
transform "-1EXT01" 1 0 0 0 1 0 0 0 1 -54.5 406.9413 12.65
camera 66.3751 416.1291 11.7353 29.2714 438.3434 14.0216 0 52.1739

frame 69
transform "kyles" 0.9637 -0.1677 0.2079 0.1026 0.951 0.2917 -0.2466 -0.2598 0.9336 -78.0899 471.916 13.3307
transform "-1EXT01" 1 0 0 0 1 0 0 0 1 -54.5 406.9413 12.65
camera 66.3751 416.1291 11.7353 29.2714 438.3434 14.0216 0 52.1739

frame 70
transform "kyles" 0.9752 -0.137 0.174 0.0668 0.9311 0.3585 -0.2111 -0.3379 0.9172 -83.976 472.7084 12.7355
transform "-1EXT01" 1 0 0 0 1 0 0 0 1 -54.5 406.9413 12.65
camera 66.3751 416.1291 11.7353 29.2714 438.3434 14.0216 0 52.1739

frame 71
transform "kyles" 0.9836 -0.1002 0.15 0.0288 0.9079 0.4182 -0.1781 -0.407 0.8959 -89.7429 473.2737 12.0626
transform "-1EXT01" 1 0 0 0 1 0 0 0 1 -54.5 406.9413 12.65
camera 66.3751 416.1291 11.7353 29.2714 438.3434 14.0216 0 52.1739

frame 72
transform "kyles" 0.9891 -0.0596 0.135 -0.0119 0.8797 0.4754 -0.147 -0.4718 0.8694 -95.721 473.6999 11.2652
transform "-1EXT01" 1 0 0 0 1 0 0 0 1 -54.5 406.9413 12.65
camera 66.3751 416.1291 11.7353 29.2714 438.3434 14.0216 0 52.1739

frame 73
transform "kyles" 0.9919 -0.016 0.1259 -0.0543 0.8429 0.5353 -0.1147 -0.5378 0.8353 -102.1883 474.0436 10.3103
transform "-1EXT01" 1 0 0 0 1 0 0 0 1 -54.5 406.9413 12.65
camera 66.3751 416.1291 11.7353 29.2714 438.3434 14.0216 0 52.1739

frame 74
transform "kyles" 0.992 0.0299 0.1227 -0.0976 0.7982 0.5944 -0.0801 -0.6016 0.7947 -109.0178 474.235 9.2099
transform "-1EXT01" 1 0 0 0 1 0 0 0 1 -54.5 406.9413 12.65
camera 66.3751 416.1291 11.7353 29.2714 438.3434 14.0216 0 52.1739

frame 75
transform "kyles" 0.9891 0.0777 0.1251 -0.1409 0.7469 0.6498 -0.0429 -0.6603 0.7498 -116.0823 474.2042 7.9779
transform "-1EXT01" 1 0 0 0 1 0 0 0 1 -54.5 406.9413 12.65
camera 66.3751 416.1291 11.7353 29.2714 438.3434 14.0216 0 52.1739

frame 76
transform "kyles" 0.983 0.1269 0.1325 -0.1834 0.6913 0.6989 -0.0029 -0.7113 0.7028 -123.2552 473.8802 6.6296
transform "-1EXT01" 1 0 0 0 1 0 0 0 1 -54.5 406.9413 12.65
camera 66.3751 416.1291 11.7353 29.2714 438.3434 14.0216 0 52.1739

frame 77
transform "kyles" 0.9736 0.1771 0.1439 -0.2247 0.634 0.74 0.0399 -0.7528 0.657 -130.41 473.1913 5.1822
transform "-1EXT01" 1 0 0 0 1 0 0 0 1 -54.5 406.9413 12.65
camera 66.3751 416.1291 11.7353 29.2714 438.3434 14.0216 0 52.1739

frame 78
transform "kyles" 0.9607 0.2282 0.158 -0.2643 0.5781 0.7719 0.0848 -0.7834 0.6157 -137.4206 472.064 3.6539
transform "-1EXT01" 1 0 0 0 1 0 0 0 1 -54.5 406.9413 12.65
camera 66.3751 416.1291 11.7353 29.2714 438.3434 14.0216 0 52.1739

frame 79
transform "kyles" 0.9442 0.2801 0.1733 -0.3021 0.5271 0.7943 0.1311 -0.8023 0.5823 -144.1611 470.4237 2.0645
transform "-1EXT01" 1 0 0 0 1 0 0 0 1 -54.5 406.9413 12.65
camera 66.3751 416.1291 11.7353 29.2714 438.3434 14.0216 0 52.1739

frame 80
transform "kyles" 0.9241 0.333 0.1877 -0.3383 0.4841 0.8069 0.1778 -0.8092 0.56 -150.506 468.195 0.4344
transform "-1EXT01" 1 0 0 0 1 0 0 0 1 -54.5 406.9413 12.65
camera 66.3751 416.1291 11.7353 29.2714 438.3434 14.0216 0 52.1739

frame 81
transform "kyles" 0.9003 0.386 0.2013 -0.3732 0.4462 0.8134 0.2242 -0.8074 0.5458 -156.6967 465.4295 -1.2131
transform "-1EXT01" 1 0 0 0 1 0 0 0 1 -54.5 406.9413 12.65
camera 66.3751 416.1291 11.7353 29.2714 438.3434 14.0216 0 52.1739

frame 82
transform "kyles" 0.8728 0.4381 0.2152 -0.4065 0.4084 0.8173 0.2702 -0.8008 0.5345 -162.9796 462.2298 -2.8854
transform "-1EXT01" 1 0 0 0 1 0 0 0 1 -54.5 406.9413 12.65
camera 66.3751 416.1291 11.7353 29.2714 438.3434 14.0216 0 52.1739

frame 83
transform "kyles" 0.8416 0.489 0.2293 -0.4384 0.3705 0.8189 0.3154 -0.7897 0.5262 -169.2375 458.5963 -4.6062
transform "-1EXT01" 1 0 0 0 1 0 0 0 1 -54.5 406.9413 12.65
camera 66.3751 416.1291 11.7353 29.2714 438.3434 14.0216 0 52.1739

frame 84
transform "kyles" 0.8069 0.5383 0.2433 -0.4687 0.3326 0.8183 0.3596 -0.7743 0.5207 -175.3533 454.5293 -6.3996
transform "-1EXT01" 1 0 0 0 1 0 0 0 1 -54.5 406.9413 12.65
camera 66.3751 416.1291 11.7353 29.2714 438.3434 14.0216 0 52.1739

frame 85
transform "kyles" 0.7686 0.5859 0.2569 -0.4974 0.2946 0.816 0.4023 -0.755 0.5178 -181.2099 450.0291 -8.2897
transform "-1EXT01" 1 0 0 0 1 0 0 0 1 -54.5 406.9413 12.65
camera 66.3751 416.1291 11.7353 29.2714 438.3434 14.0216 0 52.1739

frame 86
transform "kyles" 0.727 0.6314 0.27 -0.5243 0.2565 0.812 0.4434 -0.7318 0.5175 -186.6905 445.096 -10.3007
transform "-1EXT01" 1 0 0 0 1 0 0 0 1 -54.5 406.9413 12.65
camera 66.3751 416.1291 11.7353 29.2714 438.3434 14.0216 0 52.1739

frame 87
transform "kyles" 0.6821 0.6746 0.2822 -0.5495 0.2181 0.8065 0.4825 -0.7052 0.5195 -191.6782 439.7305 -12.4572
transform "-1EXT01" 1 0 0 0 1 0 0 0 1 -54.5 406.9413 12.65
camera 66.3751 416.1291 11.7353 29.2714 438.3434 14.0216 0 52.1739

frame 88
transform "kyles" 0.6341 0.7154 0.2936 -0.5728 0.1794 0.7998 0.5195 -0.6753 0.5235 -196.0563 433.9328 -14.7835
transform "-1EXT01" 1 0 0 0 1 0 0 0 1 -54.5 406.9413 12.65
camera 66.3751 416.1291 11.7353 29.2714 438.3434 14.0216 0 52.1739

frame 89
transform "kyles" 0.5832 0.7533 0.304 -0.5941 0.1403 0.792 0.554 -0.6425 0.5294 -199.7082 427.703 -17.3044
transform "-1EXT01" 1 0 0 0 1 0 0 0 1 -54.5 406.9413 12.65
camera 66.3751 416.1291 11.7353 29.2714 438.3434 14.0216 0 52.1739

frame 90
transform "kyles" 0.5297 0.7882 0.3133 -0.6133 0.1008 0.7834 0.5859 -0.6071 0.5368 -202.7197 421.0483 -20.0013
transform "-1EXT01" 1 0 0 0 1 0 0 0 1 -54.5 406.9413 12.65
camera 66.3751 416.1291 11.7353 29.2714 438.3434 14.0216 0 52.1739

frame 91
transform "kyles" 0.4737 0.8199 0.3214 -0.6302 0.0607 0.7741 0.6152 -0.5693 0.5454 -205.2846 414.003 -22.8299
transform "-1EXT01" 1 0 0 0 1 0 0 0 1 -54.5 406.9413 12.65
camera 66.3751 416.1291 11.7353 29.2714 438.3434 14.0216 0 52.1739

frame 92
transform "kyles" 0.4157 0.8481 0.3285 -0.6446 0.02 0.7642 0.6416 -0.5294 0.555 -207.448 406.6083 -25.7768
transform "-1EXT01" 1 0 0 0 1 0 0 0 1 -54.5 406.9413 12.65
camera 66.3751 416.1291 11.7353 29.2714 438.3434 14.0216 0 52.1739

frame 93
transform "kyles" 0.3557 0.8727 0.3344 -0.6565 -0.0213 0.754 0.6652 -0.4878 0.5654 -209.2551 398.9055 -28.8286
transform "-1EXT01" 1 0 0 0 1 0 0 0 1 -54.5 406.9413 12.65
camera 66.3751 416.1291 11.7353 29.2714 438.3434 14.0216 0 52.1739

frame 94
transform "kyles" 0.2943 0.8934 0.3393 -0.6656 -0.0632 0.7436 0.6858 -0.4447 0.5761 -210.7513 390.9355 -31.9722
transform "-1EXT01" 1 0 0 0 1 0 0 0 1 -54.5 406.9413 12.65
camera 66.3751 416.1291 11.7353 29.2714 438.3434 14.0216 0 52.1739

frame 95
transform "kyles" 0.2316 0.9102 0.3434 -0.6718 -0.1057 0.7332 0.7036 -0.4005 0.587 -211.982 382.7395 -35.1945
transform "-1EXT01" 1 0 0 0 1 0 0 0 1 -54.5 406.9413 12.65
camera 66.3751 416.1291 11.7353 29.2714 438.3434 14.0216 0 52.1739

frame 96
transform "kyles" 0.168 0.9228 0.3467 -0.6749 -0.1487 0.7228 0.7185 -0.3554 0.5978 -212.9924 374.3584 -38.4827
transform "-1EXT01" 1 0 0 0 1 0 0 0 1 -54.5 406.9413 12.65
camera 66.3751 416.1291 11.7353 29.2714 438.3434 14.0216 0 52.1739

frame 97
transform "kyles" 0.1039 0.9312 0.3495 -0.6747 -0.1922 0.7127 0.7308 -0.3098 0.6083 -213.8279 365.833 -41.8241
transform "-1EXT01" 1 0 0 0 1 0 0 0 1 -54.5 406.9413 12.65
camera 66.3751 416.1291 11.7353 29.2714 438.3434 14.0216 0 52.1739

frame 98
transform "kyles" 0.0396 0.9352 0.3519 -0.671 -0.2361 0.7028 0.7404 -0.2639 0.6182 -214.5339 357.2039 -45.2059
transform "-1EXT01" 1 0 0 0 1 0 0 0 1 -54.5 406.9413 12.65
camera 66.3751 416.1291 11.7353 29.2714 438.3434 14.0216 0 52.1739

frame 99
transform "kyles" -0.0246 0.9348 0.3543 -0.6637 -0.2803 0.6935 0.7476 -0.2181 0.6274 -215.1557 348.5118 -48.6157
transform "-1EXT01" 1 0 0 0 1 0 0 0 1 -54.5 406.9413 12.65
camera 66.3751 416.1291 11.7353 29.2714 438.3434 14.0216 0 52.1739

frame 100
transform "kyles" -0.0883 0.93 0.3568 -0.6527 -0.3246 0.6846 0.7525 -0.1725 0.6356 -215.7385 339.7974 -52.0409
transform "-1EXT01" 1 0 0 0 1 0 0 0 1 -54.5 406.9413 12.65
camera 66.3751 416.1291 11.7353 29.2714 438.3434 14.0216 0 52.1739
