VERSION 201

frame 0
transform "kyles" -0.0883 0.93 0.3569 -0.6527 -0.3246 0.6846 0.7525 -0.1725 0.6356 -215.7385 339.7974 -52.0409
transform "-1EXT01" 1 0 0 0 1 0 0 0 1 -54.5 406.9413 12.65
camera 66.3751 416.1291 11.7353 29.2714 438.3434 14.0216 0 52.1739

frame 1
transform "kyles" 0.1008 -0.9948 0.0143 0.8892 0.0837 -0.4497 0.4462 0.0581 0.893 -215.662 346.5082 14.0312
transform "-1EXT01" 1 0 0 0 1 0 0 0 1 -54.5 406.9413 12.65
camera 66.3751 416.1291 11.7353 29.2714 438.3434 14.0216 0 52.1739

frame 2
transform "kyles" 0.0611 -0.998 0.0139 0.8922 0.0484 -0.449 0.4475 0.0398 0.8934 -215.4357 351.8961 12.5817
transform "-1EXT01" 1 0 0 0 1 0 0 0 1 -54.5 406.9413 12.65
camera 66.3751 416.1291 11.7353 29.2714 438.3434 14.0216 0 52.1739

frame 3
transform "kyles" 0.0217 -0.9997 0.014 0.8935 0.0132 -0.4488 0.4485 0.0222 0.8935 -215.3532 357.3415 11.0904
transform "-1EXT01" 1 0 0 0 1 0 0 0 1 -54.5 406.9413 12.65
camera 66.3751 416.1291 11.7353 29.2714 438.3434 14.0216 0 52.1739

frame 4
transform "kyles" -0.0174 -0.9997 0.0144 0.8933 -0.022 -0.449 0.4492 0.0051 0.8934 -215.343 362.8125 9.5775
transform "-1EXT01" 1 0 0 0 1 0 0 0 1 -54.5 406.9413 12.65
camera 66.3751 416.1291 11.7353 29.2714 438.3434 14.0216 0 52.1739

frame 5
transform "kyles" -0.0562 -0.9983 0.0153 0.8915 -0.0571 -0.4494 0.4495 -0.0117 0.8932 -215.3337 368.2776 8.0631
transform "-1EXT01" 1 0 0 0 1 0 0 0 1 -54.5 406.9413 12.65
camera 66.3751 416.1291 11.7353 29.2714 438.3434 14.0216 0 52.1739

frame 6
transform "kyles" -0.0948 -0.9954 0.0164 0.8883 -0.092 -0.45 0.4494 -0.0282 0.8929 -215.2539 373.7049 6.5675
transform "-1EXT01" 1 0 0 0 1 0 0 0 1 -54.5 406.9413 12.65
camera 66.3751 416.1291 11.7353 29.2714 438.3434 14.0216 0 52.1739

frame 7
transform "kyles" -0.1332 -0.9909 0.0176 0.8836 -0.1268 -0.4507 0.4488 -0.0445 0.8925 -215.0322 379.0627 5.1111
transform "-1EXT01" 1 0 0 0 1 0 0 0 1 -54.5 406.9413 12.65
camera 66.3751 416.1291 11.7353 29.2714 438.3434 14.0216 0 52.1739

frame 8
transform "kyles" -0.1714 -0.985 0.0189 0.8777 -0.1613 -0.4513 0.4476 -0.0607 0.8922 -214.5971 384.319 3.7139
transform "-1EXT01" 1 0 0 0 1 0 0 0 1 -54.5 406.9413 12.65
camera 66.3751 416.1291 11.7353 29.2714 438.3434 14.0216 0 52.1739

frame 9
transform "kyles" -0.2093 -0.9776 0.0202 0.8704 -0.1957 -0.4518 0.4457 -0.077 0.8919 -213.8773 389.4422 2.3965
transform "-1EXT01" 1 0 0 0 1 0 0 0 1 -54.5 406.9413 12.65
camera 66.3751 416.1291 11.7353 29.2714 438.3434 14.0216 0 52.1739

frame 10
transform "kyles" -0.247 -0.9688 0.0213 0.8618 -0.2297 -0.4522 0.443 -0.0934 0.8917 -212.8013 394.4004 1.1792
transform "-1EXT01" 1 0 0 0 1 0 0 0 1 -54.5 406.9413 12.65
camera 66.3751 416.1291 11.7353 29.2714 438.3434 14.0216 0 52.1739

frame 11
transform "kyles" -0.2846 -0.9584 0.0221 0.8521 -0.2634 -0.4523 0.4393 -0.1099 0.8916 -211.4736 399.3668 -0.0463
transform "-1EXT01" 1 0 0 0 1 0 0 0 1 -54.5 406.9413 12.65
camera 66.3751 416.1291 11.7353 29.2714 438.3434 14.0216 0 52.1739

frame 12
transform "kyles" -0.3219 -0.9465 0.0225 0.8411 -0.2969 -0.4522 0.4347 -0.1266 0.8916 -210.0302 404.4725 -1.3612
transform "-1EXT01" 1 0 0 0 1 0 0 0 1 -54.5 406.9413 12.65
camera 66.3751 416.1291 11.7353 29.2714 438.3434 14.0216 0 52.1739

frame 13
transform "kyles" -0.3591 -0.933 0.0224 0.8289 -0.3299 -0.4517 0.4288 -0.1436 0.8919 -208.4469 409.6216 -2.7054
transform "-1EXT01" 1 0 0 0 1 0 0 0 1 -54.5 406.9413 12.65
camera 66.3751 416.1291 11.7353 29.2714 438.3434 14.0216 0 52.1739

frame 14
transform "kyles" -0.3962 -0.9179 0.0216 0.8156 -0.3626 -0.4508 0.4217 -0.1609 0.8924 -206.6995 414.7184 -4.0184
transform "-1EXT01" 1 0 0 0 1 0 0 0 1 -54.5 406.9413 12.65
camera 66.3751 416.1291 11.7353 29.2714 438.3434 14.0216 0 52.1739

frame 15
transform "kyles" -0.433 -0.9012 0.0201 0.8012 -0.395 -0.4496 0.4131 -0.1786 0.893 -204.7639 419.667 -5.2399
transform "-1EXT01" 1 0 0 0 1 0 0 0 1 -54.5 406.9413 12.65
camera 66.3751 416.1291 11.7353 29.2714 438.3434 14.0216 0 52.1739

frame 16
transform "kyles" -0.4696 -0.8827 0.0175 0.7856 -0.4269 -0.4479 0.4028 -0.1966 0.8939 -202.616 424.3719 -6.3095
transform "-1EXT01" 1 0 0 0 1 0 0 0 1 -54.5 406.9413 12.65
camera 66.3751 416.1291 11.7353 29.2714 438.3434 14.0216 0 52.1739

frame 17
transform "kyles" -0.506 -0.8624 0.0139 0.7689 -0.4583 -0.4458 0.3909 -0.2149 0.895 -200.2318 428.7369 -7.1668
transform "-1EXT01" 1 0 0 0 1 0 0 0 1 -54.5 406.9413 12.65
camera 66.3751 416.1291 11.7353 29.2714 438.3434 14.0216 0 52.1739

frame 18
transform "kyles" -0.542 -0.8403 0.0091 0.7511 -0.4893 -0.4433 0.3769 -0.2335 0.8963 -197.5873 432.6665 -7.7514
transform "-1EXT01" 1 0 0 0 1 0 0 0 1 -54.5 406.9413 12.65
camera 66.3751 416.1291 11.7353 29.2714 438.3434 14.0216 0 52.1739

frame 19
transform "kyles" -0.5777 -0.8162 0.0028 0.7321 -0.5197 -0.4404 0.3609 -0.2523 0.8978 -194.6587 436.0646 -8.0029
transform "-1EXT01" 1 0 0 0 1 0 0 0 1 -54.5 406.9413 12.65
camera 66.3751 416.1291 11.7353 29.2714 438.3434 14.0216 0 52.1739

frame 20
transform "kyles" -0.6129 -0.7901 -0.0049 0.712 -0.5496 -0.4371 0.3426 -0.2714 0.8994 -191.4222 438.8354 -7.861
transform "-1EXT01" 1 0 0 0 1 0 0 0 1 -54.5 406.9413 12.65
camera 66.3751 416.1291 11.7353 29.2714 438.3434 14.0216 0 52.1739

frame 21
transform "kyles" -0.6489 -0.7607 -0.0181 0.6909 -0.579 -0.433 0.3189 -0.2935 0.9012 -187.9601 441.2082 -7.3861
transform "-1EXT01" 1 0 0 0 1 0 0 0 1 -54.5 406.9413 12.65
camera 66.3751 416.1291 11.7353 29.2714 438.3434 14.0216 0 52.1739

frame 22
transform "kyles" -0.6858 -0.7267 -0.0392 0.6687 -0.608 -0.4281 0.2873 -0.3198 0.9029 -184.3808 443.4754 -6.6987
transform "-1EXT01" 1 0 0 0 1 0 0 0 1 -54.5 406.9413 12.65
camera 66.3751 416.1291 11.7353 29.2714 438.3434 14.0216 0 52.1739

frame 23
transform "kyles" -0.7223 -0.6884 -0.0662 0.6452 -0.6363 -0.423 0.249 -0.3483 0.9037 -180.699 445.6368 -5.8279
transform "-1EXT01" 1 0 0 0 1 0 0 0 1 -54.5 406.9413 12.65
camera 66.3751 416.1291 11.7353 29.2714 438.3434 14.0216 0 52.1739

frame 24
transform "kyles" -0.7571 -0.6461 -0.0972 0.6202 -0.6638 -0.418 0.2055 -0.3767 0.9032 -176.9287 447.6928 -4.8034
transform "-1EXT01" 1 0 0 0 1 0 0 0 1 -54.5 406.9413 12.65
camera 66.3751 416.1291 11.7353 29.2714 438.3434 14.0216 0 52.1739

frame 25
transform "kyles" -0.789 -0.6005 -0.13 0.5936 -0.6904 -0.4134 0.1585 -0.4033 0.9012 -173.0827 449.6451 -3.6547
transform "-1EXT01" 1 0 0 0 1 0 0 0 1 -54.5 406.9413 12.65
camera 66.3751 416.1291 11.7353 29.2714 438.3434 14.0216 0 52.1739

frame 26
transform "kyles" -0.8174 -0.5527 -0.1626 0.5656 -0.7161 -0.4092 0.1097 -0.4264 0.8979 -169.1719 451.4961 -2.4111
transform "-1EXT01" 1 0 0 0 1 0 0 0 1 -54.5 406.9413 12.65
camera 66.3751 416.1291 11.7353 29.2714 438.3434 14.0216 0 52.1739

frame 27
transform "kyles" -0.842 -0.5038 -0.1929 0.536 -0.7406 -0.4054 0.0613 -0.4447 0.8936 -165.2058 453.2493 -1.1016
transform "-1EXT01" 1 0 0 0 1 0 0 0 1 -54.5 406.9413 12.65
camera 66.3751 416.1291 11.7353 29.2714 438.3434 14.0216 0 52.1739

frame 28
transform "kyles" -0.863 -0.4553 -0.219 0.505 -0.7639 -0.4018 0.0156 -0.4573 0.8892 -161.1919 454.9084 0.2454
transform "-1EXT01" 1 0 0 0 1 0 0 0 1 -54.5 406.9413 12.65
camera 66.3751 416.1291 11.7353 29.2714 438.3434 14.0216 0 52.1739

frame 29
transform "kyles" -0.8808 -0.4088 -0.2391 0.4729 -0.7861 -0.398 -0.0253 -0.4636 0.8857 -157.1361 456.4775 1.6022
transform "-1EXT01" 1 0 0 0 1 0 0 0 1 -54.5 406.9413 12.65
camera 66.3751 416.1291 11.7353 29.2714 438.3434 14.0216 0 52.1739

frame 30
transform "kyles" -0.8962 -0.3657 -0.2513 0.4397 -0.8073 -0.3935 -0.059 -0.4632 0.8843 -153.0433 457.9604 2.9414
transform "-1EXT01" 1 0 0 0 1 0 0 0 1 -54.5 406.9413 12.65
camera 66.3751 416.1291 11.7353 29.2714 438.3434 14.0216 0 52.1739

frame 31
transform "kyles" -0.9101 -0.3274 -0.2541 0.4059 -0.8276 -0.3877 -0.0833 -0.456 0.8861 -148.9179 459.3602 4.2359
transform "-1EXT01" 1 0 0 0 1 0 0 0 1 -54.5 406.9413 12.65
camera 66.3751 416.1291 11.7353 29.2714 438.3434 14.0216 0 52.1739

frame 32
transform "kyles" -0.9234 -0.296 -0.2445 0.3721 -0.847 -0.3797 -0.0947 -0.4416 0.8922 -144.7636 460.6832 5.4537
transform "-1EXT01" 1 0 0 0 1 0 0 0 1 -54.5 406.9413 12.65
camera 66.3751 416.1291 11.7353 29.2714 438.3434 14.0216 0 52.1739

frame 33
transform "kyles" -0.9363 -0.2714 -0.2228 0.3386 -0.8657 -0.3687 -0.0928 -0.4207 0.9025 -140.5886 461.9251 6.5742
transform "-1EXT01" 1 0 0 0 1 0 0 0 1 -54.5 406.9413 12.65
camera 66.3751 416.1291 11.7353 29.2714 438.3434 14.0216 0 52.1739

frame 34
transform "kyles" -0.9487 -0.2513 -0.1917 0.3056 -0.8838 -0.3541 -0.0804 -0.3946 0.9153 -136.406 463.0734 7.5863
transform "-1EXT01" 1 0 0 0 1 0 0 0 1 -54.5 406.9413 12.65
camera 66.3751 416.1291 11.7353 29.2714 438.3434 14.0216 0 52.1739

frame 35
transform "kyles" -0.9601 -0.2335 -0.1539 0.273 -0.9015 -0.3358 -0.0604 -0.3644 0.9293 -132.2297 464.1149 8.4791
transform "-1EXT01" 1 0 0 0 1 0 0 0 1 -54.5 406.9413 12.65
camera 66.3751 416.1291 11.7353 29.2714 438.3434 14.0216 0 52.1739

frame 36
transform "kyles" -0.97 -0.2158 -0.1123 0.2407 -0.9186 -0.3135 -0.0355 -0.3311 0.9429 -128.0737 465.0374 9.2425
transform "-1EXT01" 1 0 0 0 1 0 0 0 1 -54.5 406.9413 12.65
camera 66.3751 416.1291 11.7353 29.2714 438.3434 14.0216 0 52.1739

frame 37
transform "kyles" -0.978 -0.1963 -0.07 0.2082 -0.9349 -0.2874 -0.009 -0.2956 0.9553 -123.9513 465.8293 9.8673
transform "-1EXT01" 1 0 0 0 1 0 0 0 1 -54.5 406.9413 12.65
camera 66.3751 416.1291 11.7353 29.2714 438.3434 14.0216 0 52.1739

frame 38
transform "kyles" -0.9844 -0.1733 -0.0301 0.1751 -0.9502 -0.2578 0.0161 -0.2591 0.9657 -119.8742 466.4799 10.3453
transform "-1EXT01" 1 0 0 0 1 0 0 0 1 -54.5 406.9413 12.65
camera 66.3751 416.1291 11.7353 29.2714 438.3434 14.0216 0 52.1739

frame 39
transform "kyles" -0.9894 -0.1454 0.004 0.1408 -0.9641 -0.2253 0.0367 -0.2224 0.9743 -115.8533 466.9799 10.6694
transform "-1EXT01" 1 0 0 0 1 0 0 0 1 -54.5 406.9413 12.65
camera 66.3751 416.1291 11.7353 29.2714 438.3434 14.0216 0 52.1739

frame 40
transform "kyles" -0.9933 -0.1116 0.0291 0.1041 -0.9761 -0.1906 0.0497 -0.1863 0.9812 -111.8986 467.3214 10.8329
transform "-1EXT01" 1 0 0 0 1 0 0 0 1 -54.5 406.9413 12.65
camera 66.3751 416.1291 11.7353 29.2714 438.3434 14.0216 0 52.1739

frame 41
transform "kyles" -0.9965 -0.0701 0.0463 0.0623 -0.9865 -0.1512 0.0562 -0.1478 0.9874 -107.953 467.4435 10.8521
transform "-1EXT01" 1 0 0 0 1 0 0 0 1 -54.5 406.9413 12.65
camera 66.3751 416.1291 11.7353 29.2714 438.3434 14.0216 0 52.1739

frame 42
transform "kyles" -0.9981 -0.0211 0.0586 0.0149 -0.9943 -0.1053 0.0605 -0.1042 0.9927 -103.961 467.3083 10.7551
transform "-1EXT01" 1 0 0 0 1 0 0 0 1 -54.5 406.9413 12.65
camera 66.3751 416.1291 11.7353 29.2714 438.3434 14.0216 0 52.1739

frame 43
transform "kyles" -0.9973 0.0327 0.0659 -0.0363 -0.9978 -0.0548 0.064 -0.057 0.9963 -99.9349 466.9445 10.553
transform "-1EXT01" 1 0 0 0 1 0 0 0 1 -54.5 406.9413 12.65
camera 66.3751 416.1291 11.7353 29.2714 438.3434 14.0216 0 52.1739

frame 44
transform "kyles" -0.9937 0.0887 0.0683 -0.0891 -0.996 -0.002 0.0678 -0.0081 0.9977 -95.886 466.3812 10.2552
transform "-1EXT01" 1 0 0 0 1 0 0 0 1 -54.5 406.9413 12.65
camera 66.3751 416.1291 11.7353 29.2714 438.3434 14.0216 0 52.1739

frame 45
transform "kyles" -0.9873 0.1443 0.0663 -0.1411 -0.9887 0.0509 0.0728 0.0409 0.9965 -91.8239 465.6476 9.8698
transform "-1EXT01" 1 0 0 0 1 0 0 0 1 -54.5 406.9413 12.65
camera 66.3751 416.1291 11.7353 29.2714 438.3434 14.0216 0 52.1739

frame 46
transform "kyles" -0.9785 0.1969 0.0609 -0.1902 -0.9765 0.1017 0.0795 0.0879 0.993 -87.7569 464.7728 9.4032
transform "-1EXT01" 1 0 0 0 1 0 0 0 1 -54.5 406.9413 12.65
camera 66.3751 416.1291 11.7353 29.2714 438.3434 14.0216 0 52.1739

frame 47
transform "kyles" -0.9682 0.2442 0.0536 -0.2341 -0.9608 0.1485 0.0877 0.1312 0.9875 -83.6916 463.7852 8.8601
transform "-1EXT01" 1 0 0 0 1 0 0 0 1 -54.5 406.9413 12.65
camera 66.3751 416.1291 11.7353 29.2714 438.3434 14.0216 0 52.1739

frame 48
transform "kyles" -0.9576 0.2842 0.0462 -0.271 -0.9438 0.1895 0.0974 0.1689 0.9808 -79.6333 462.712 8.244
transform "-1EXT01" 1 0 0 0 1 0 0 0 1 -54.5 406.9413 12.65
camera 66.3751 416.1291 11.7353 29.2714 438.3434 14.0216 0 52.1739

frame 49
transform "kyles" -0.9481 0.3152 0.0407 -0.2989 -0.9278 0.2232 0.1082 0.1995 0.9739 -75.5868 461.5799 7.5576
transform "-1EXT01" 1 0 0 0 1 0 0 0 1 -54.5 406.9413 12.65
camera 66.3751 416.1291 11.7353 29.2714 438.3434 14.0216 0 52.1739

frame 50
transform "kyles" -0.9412 0.3357 0.0393 -0.3162 -0.9156 0.2484 0.1193 0.2214 0.9679 -71.5568 460.4147 6.8036
transform "-1EXT01" 1 0 0 0 1 0 0 0 1 -54.5 406.9413 12.65
camera 66.3751 416.1291 11.7353 29.2714 438.3434 14.0216 0 52.1739

frame 51
transform "kyles" -0.9367 0.3474 0.0435 -0.3247 -0.9085 0.2631 0.1309 0.2323 0.9638 -67.5524 459.2272 5.9861
transform "-1EXT01" 1 0 0 0 1 0 0 0 1 -54.5 406.9413 12.65
camera 66.3751 416.1291 11.7353 29.2714 438.3434 14.0216 0 52.1739

frame 52
transform "kyles" -0.934 0.3533 0.053 -0.3275 -0.9061 0.2679 0.1426 0.2329 0.962 -63.5855 458.0257 5.1169
transform "-1EXT01" 1 0 0 0 1 0 0 0 1 -54.5 406.9413 12.65
camera 66.3751 416.1291 11.7353 29.2714 438.3434 14.0216 0 52.1739

frame 53
transform "kyles" -0.9331 0.3535 0.0665 -0.325 -0.9078 0.2651 0.1541 0.2258 0.9619 -59.6659 456.8317 4.2097
transform "-1EXT01" 1 0 0 0 1 0 0 0 1 -54.5 406.9413 12.65
camera 66.3751 416.1291 11.7353 29.2714 438.3434 14.0216 0 52.1739

frame 54
transform "kyles" -0.9339 0.3478 0.0825 -0.3173 -0.9128 0.257 0.1648 0.2139 0.9629 -55.8036 455.6674 3.2791
transform "-1EXT01" 1 0 0 0 1 0 0 0 1 -54.5 406.9413 12.65
camera 66.3751 416.1291 11.7353 29.2714 438.3434 14.0216 0 52.1739

frame 55
transform "kyles" -0.9364 0.3365 0.0997 -0.3045 -0.9203 0.2458 0.1744 0.1998 0.9642 -52.0086 454.5544 2.3396
transform "-1EXT01" 1 0 0 0 1 0 0 0 1 -54.5 406.9413 12.65
camera 66.3751 416.1291 11.7353 29.2714 438.3434 14.0216 0 52.1739

frame 56
transform "kyles" -0.9404 0.3194 0.1164 -0.2866 -0.9291 0.2337 0.1828 0.1864 0.9653 -48.2913 453.5142 1.4064
transform "-1EXT01" 1 0 0 0 1 0 0 0 1 -54.5 406.9413 12.65
camera 66.3751 416.1291 11.7353 29.2714 438.3434 14.0216 0 52.1739

frame 57
transform "kyles" -0.9459 0.2969 0.1312 -0.2636 -0.9385 0.2229 0.1893 0.1763 0.966 -44.6624 452.5674 0.494
transform "-1EXT01" 1 0 0 0 1 0 0 0 1 -54.5 406.9413 12.65
camera 66.3751 416.1291 11.7353 29.2714 438.3434 14.0216 0 52.1739

frame 58
transform "kyles" -0.9524 0.2692 0.1428 -0.2354 -0.9476 0.2161 0.1935 0.1722 0.9659 -41.1329 451.7347 -0.3834
transform "-1EXT01" 1 0 0 0 1 0 0 0 1 -54.5 406.9413 12.65
camera 66.3751 416.1291 11.7353 29.2714 438.3434 14.0216 0 52.1739

frame 59
transform "kyles" -0.9599 0.2367 0.1502 -0.2019 -0.9554 0.2156 0.1945 0.1767 0.9649 -37.714 451.0363 -1.2123
transform "-1EXT01" 1 0 0 0 1 0 0 0 1 -54.5 406.9413 12.65
camera 66.3751 416.1291 11.7353 29.2714 438.3434 14.0216 0 52.1739

frame 60
transform "kyles" -0.9679 0.1997 0.1524 -0.163 -0.9608 0.2243 0.1912 0.1922 0.9625 -34.4178 450.4922 -1.9806
transform "-1EXT01" 1 0 0 0 1 0 0 0 1 -54.5 406.9413 12.65
camera 66.3751 416.1291 11.7353 29.2714 438.3434 14.0216 0 52.1739

frame 61
transform "kyles" -0.9757 0.1582 0.1518 -0.1189 -0.9635 0.2401 0.1843 0.2162 0.9588 -31.2106 450.0458 -2.7921
transform "-1EXT01" 1 0 0 0 1 0 0 0 1 -54.5 406.9413 12.65
camera 66.3751 416.1291 11.7353 29.2714 438.3434 14.0216 0 52.1739

frame 62
transform "kyles" -0.9821 0.1122 0.1513 -0.0701 -0.9633 0.259 0.1748 0.2437 0.954 -28.0555 449.6261 -3.744
transform "-1EXT01" 1 0 0 0 1 0 0 0 1 -54.5 406.9413 12.65
camera 66.3751 416.1291 11.7353 29.2714 438.3434 14.0216 0 52.1739

frame 63
transform "kyles" -0.9865 0.0622 0.1513 -0.0175 -0.9597 0.2805 0.1626 0.2741 0.9479 -24.9593 449.2315 -4.8152
transform "-1EXT01" 1 0 0 0 1 0 0 0 1 -54.5 406.9413 12.65
camera 66.3751 416.1291 11.7353 29.2714 438.3434 14.0216 0 52.1739

frame 64
transform "kyles" -0.9884 0.0089 0.1519 0.0382 -0.9518 0.3042 0.1473 0.3065 0.9404 -21.9283 448.8603 -5.9849
transform "-1EXT01" 1 0 0 0 1 0 0 0 1 -54.5 406.9413 12.65
camera 66.3751 416.1291 11.7353 29.2714 438.3434 14.0216 0 52.1739

frame 65
transform "kyles" -0.987 -0.047 0.1536 0.096 -0.9392 0.3296 0.1287 0.34 0.9316 -18.9686 448.5105 -7.2317
transform "-1EXT01" 1 0 0 0 1 0 0 0 1 -54.5 406.9413 12.65
camera 66.3751 416.1291 11.7353 29.2714 438.3434 14.0216 0 52.1739

frame 66
transform "kyles" -0.9821 -0.1049 0.1564 0.1551 -0.9215 0.356 0.1068 0.3739 0.9213 -16.0855 448.1797 -8.5341
transform "-1EXT01" 1 0 0 0 1 0 0 0 1 -54.5 406.9413 12.65
camera 66.3751 416.1291 11.7353 29.2714 438.3434 14.0216 0 52.1739

frame 67
transform "kyles" -0.9733 -0.1639 0.1607 0.2145 -0.8985 0.3829 0.0816 0.4072 0.9097 -13.284 447.8655 -9.8704
transform "-1EXT01" 1 0 0 0 1 0 0 0 1 -54.5 406.9413 12.65
camera 66.3751 416.1291 11.7353 29.2714 438.3434 14.0216 0 52.1739

frame 68
transform "kyles" -0.9605 -0.2232 0.1663 0.2732 -0.8703 0.4099 0.0533 0.4391 0.8968 -10.568 447.5655 -11.2182
transform "-1EXT01" 1 0 0 0 1 0 0 0 1 -54.5 406.9413 12.65
camera 66.3751 416.1291 11.7353 29.2714 438.3434 14.0216 0 52.1739

frame 69
transform "kyles" -0.9436 -0.2819 0.1734 0.3302 -0.837 0.4363 0.0222 0.469 0.8829 -7.941 447.2774 -12.5551
transform "-1EXT01" 1 0 0 0 1 0 0 0 1 -54.5 406.9413 12.65
camera 66.3751 416.1291 11.7353 29.2714 438.3434 14.0216 0 52.1739

frame 70
transform "kyles" -0.923 -0.3393 0.1818 0.3847 -0.7992 0.4617 -0.0114 0.4961 0.8682 -5.4055 446.9992 -13.8581
transform "-1EXT01" 1 0 0 0 1 0 0 0 1 -54.5 406.9413 12.65
camera 66.3751 416.1291 11.7353 29.2714 438.3434 14.0216 0 52.1739

frame 71
transform "kyles" -0.8987 -0.3946 0.1913 0.436 -0.7576 0.4857 -0.0468 0.5199 0.8529 -2.9636 446.7293 -15.1038
transform "-1EXT01" 1 0 0 0 1 0 0 0 1 -54.5 406.9413 12.65
camera 66.3751 416.1291 11.7353 29.2714 438.3434 14.0216 0 52.1739

frame 72
transform "kyles" -0.8714 -0.4472 0.2017 0.4835 -0.7129 0.508 -0.0834 0.5401 0.8374 -0.6166 446.4665 -16.2687
transform "-1EXT01" 1 0 0 0 1 0 0 0 1 -54.5 406.9413 12.65
camera 66.3751 416.1291 11.7353 29.2714 438.3434 14.0216 0 52.1739

frame 73
transform "kyles" -0.8415 -0.4966 0.2127 0.5266 -0.6662 0.5281 -0.1206 0.5564 0.8221 1.6346 446.2102 -17.3287
transform "-1EXT01" 1 0 0 0 1 0 0 0 1 -54.5 406.9413 12.65
camera 66.3751 416.1291 11.7353 29.2714 438.3434 14.0216 0 52.1739

frame 74
transform "kyles" -0.8098 -0.5423 0.2238 0.5651 -0.6185 0.5461 -0.1577 0.5687 0.8073 3.7895 445.9608 -18.2599
transform "-1EXT01" 1 0 0 0 1 0 0 0 1 -54.5 406.9413 12.65
camera 66.3751 416.1291 11.7353 29.2714 438.3434 14.0216 0 52.1739

frame 75
transform "kyles" -0.777 -0.5841 0.2348 0.5989 -0.5709 0.5616 -0.194 0.5769 0.7934 5.8478 445.719 -19.038
transform "-1EXT01" 1 0 0 0 1 0 0 0 1 -54.5 406.9413 12.65
camera 66.3751 416.1291 11.7353 29.2714 438.3434 14.0216 0 52.1739

frame 76
transform "kyles" -0.7439 -0.6218 0.245 0.6279 -0.5248 0.5747 -0.2287 0.5814 0.7808 7.8096 445.4863 -19.6385
transform "-1EXT01" 1 0 0 0 1 0 0 0 1 -54.5 406.9413 12.65
camera 66.3751 416.1291 11.7353 29.2714 438.3434 14.0216 0 52.1739

frame 77
transform "kyles" -0.7113 -0.6553 0.2542 0.6525 -0.4812 0.5854 -0.2613 0.5822 0.7699 9.6746 445.2647 -20.0371
transform "-1EXT01" 1 0 0 0 1 0 0 0 1 -54.5 406.9413 12.65
camera 66.3751 416.1291 11.7353 29.2714 438.3434 14.0216 0 52.1739

frame 78
transform "kyles" -0.6801 -0.6848 0.2618 0.6729 -0.4413 0.5937 -0.2911 0.5799 0.7609 11.443 445.0568 -20.2096
transform "-1EXT01" 1 0 0 0 1 0 0 0 1 -54.5 406.9413 12.65
camera 66.3751 416.1291 11.7353 29.2714 438.3434 14.0216 0 52.1739

frame 79
transform "kyles" -0.6511 -0.7104 0.2673 0.6894 -0.4062 0.5997 -0.3174 0.5748 0.7542 13.1145 444.8654 -20.1315
transform "-1EXT01" 1 0 0 0 1 0 0 0 1 -54.5 406.9413 12.65
camera 66.3751 416.1291 11.7353 29.2714 438.3434 14.0216 0 52.1739

frame 80
transform "kyles" -0.6251 -0.7322 0.2704 0.7027 -0.3769 0.6035 -0.3399 0.5672 0.7501 14.6888 444.6935 -19.7788
transform "-1EXT01" 1 0 0 0 1 0 0 0 1 -54.5 406.9413 12.65
camera 66.3751 416.1291 11.7353 29.2714 438.3434 14.0216 0 52.1739

frame 81
transform "kyles" -0.6022 -0.7512 0.2704 0.7127 -0.3531 0.6061 -0.3598 0.5577 0.748 16.1669 444.5504 -19.0957
transform "-1EXT01" 1 0 0 0 1 0 0 0 1 -54.5 406.9413 12.65
camera 66.3751 416.1291 11.7353 29.2714 438.3434 14.0216 0 52.1739

frame 82
transform "kyles" -0.5819 -0.7683 0.2668 0.7198 -0.3337 0.6088 -0.3786 0.5463 0.7471 17.5515 444.442 -18.0666
transform "-1EXT01" 1 0 0 0 1 0 0 0 1 -54.5 406.9413 12.65
camera 66.3751 416.1291 11.7353 29.2714 438.3434 14.0216 0 52.1739

frame 83
transform "kyles" -0.5641 -0.7837 0.2602 0.7245 -0.3185 0.6113 -0.3962 0.5333 0.7474 18.8447 444.3667 -16.7271
transform "-1EXT01" 1 0 0 0 1 0 0 0 1 -54.5 406.9413 12.65
camera 66.3751 416.1291 11.7353 29.2714 438.3434 14.0216 0 52.1739

frame 84
transform "kyles" -0.5486 -0.7976 0.2507 0.7272 -0.3073 0.6138 -0.4125 0.519 0.7486 20.0482 444.3224 -15.113
transform "-1EXT01" 1 0 0 0 1 0 0 0 1 -54.5 406.9413 12.65
camera 66.3751 416.1291 11.7353 29.2714 438.3434 14.0216 0 52.1739

frame 85
transform "kyles" -0.5352 -0.8103 0.2387 0.7285 -0.2998 0.6159 -0.4275 0.5035 0.7508 21.1638 444.3068 -13.26
transform "-1EXT01" 1 0 0 0 1 0 0 0 1 -54.5 406.9413 12.65
camera 66.3751 416.1291 11.7353 29.2714 438.3434 14.0216 0 52.1739

frame 86
transform "kyles" -0.5239 -0.8217 0.2244 0.7287 -0.2959 0.6177 -0.4411 0.4871 0.7538 22.1931 444.3172 -11.2038
transform "-1EXT01" 1 0 0 0 1 0 0 0 1 -54.5 406.9413 12.65
camera 66.3751 416.1291 11.7353 29.2714 438.3434 14.0216 0 52.1739

frame 87
transform "kyles" -0.5143 -0.8319 0.2083 0.728 -0.2951 0.6187 -0.4533 0.4699 0.7575 23.1379 444.3511 -8.9802
transform "-1EXT01" 1 0 0 0 1 0 0 0 1 -54.5 406.9413 12.65
camera 66.3751 416.1291 11.7353 29.2714 438.3434 14.0216 0 52.1739

frame 88
transform "kyles" -0.5062 -0.8411 0.1906 0.7269 -0.2973 0.619 -0.464 0.4519 0.7619 23.9997 444.4057 -6.6248
transform "-1EXT01" 1 0 0 0 1 0 0 0 1 -54.5 406.9413 12.65
camera 66.3751 416.1291 11.7353 29.2714 438.3434 14.0216 0 52.1739

frame 89
transform "kyles" -0.4996 -0.8491 0.1717 0.7256 -0.3019 0.6183 -0.4732 0.4334 0.767 24.7801 444.4781 -4.1734
transform "-1EXT01" 1 0 0 0 1 0 0 0 1 -54.5 406.9413 12.65
camera 66.3751 416.1291 11.7353 29.2714 438.3434 14.0216 0 52.1739

frame 90
transform "kyles" -0.494 -0.8561 0.1519 0.7244 -0.3087 0.6164 -0.4808 0.4145 0.7727 25.4809 444.5654 -1.6618
transform "-1EXT01" 1 0 0 0 1 0 0 0 1 -54.5 406.9413 12.65
camera 66.3751 416.1291 11.7353 29.2714 438.3434 14.0216 0 52.1739

frame 91
transform "kyles" -0.4894 -0.8621 0.1315 0.7235 -0.3172 0.6131 -0.4868 0.3952 0.779 26.1038 444.6649 0.8742
transform "-1EXT01" 1 0 0 0 1 0 0 0 1 -54.5 406.9413 12.65
camera 66.3751 416.1291 11.7353 29.2714 438.3434 14.0216 0 52.1739

frame 92
transform "kyles" -0.4856 -0.8671 0.111 0.7231 -0.3272 0.6083 -0.4912 0.3757 0.7859 26.6505 444.7737 3.3988
transform "-1EXT01" 1 0 0 0 1 0 0 0 1 -54.5 406.9413 12.65
camera 66.3751 416.1291 11.7353 29.2714 438.3434 14.0216 0 52.1739

frame 93
transform "kyles" -0.4824 -0.8712 0.0906 0.7235 -0.338 0.6019 -0.4937 0.3559 0.7935 27.1228 444.8891 5.8762
transform "-1EXT01" 1 0 0 0 1 0 0 0 1 -54.5 406.9413 12.65
camera 66.3751 416.1291 11.7353 29.2714 438.3434 14.0216 0 52.1739

frame 94
transform "kyles" -0.4796 -0.8746 0.0708 0.7249 -0.3495 0.5936 -0.4944 0.336 0.8016 27.5227 445.0084 8.2704
transform "-1EXT01" 1 0 0 0 1 0 0 0 1 -54.5 406.9413 12.65
camera 66.3751 416.1291 11.7353 29.2714 438.3434 14.0216 0 52.1739

frame 95
transform "kyles" -0.4771 -0.8773 0.0519 0.7275 -0.3611 0.5835 -0.4931 0.3162 0.8105 27.8519 445.1292 10.5456
transform "-1EXT01" 1 0 0 0 1 0 0 0 1 -54.5 406.9413 12.65
camera 66.3751 416.1291 11.7353 29.2714 438.3434 14.0216 0 52.1739

frame 96
transform "kyles" -0.4746 -0.8795 0.0343 0.7313 -0.3724 0.5714 -0.4898 0.2963 0.82 28.1123 445.2489 12.666
transform "-1EXT01" 1 0 0 0 1 0 0 0 1 -54.5 406.9413 12.65
camera 66.3751 416.1291 11.7353 29.2714 438.3434 14.0216 0 52.1739

frame 97
transform "kyles" -0.4721 -0.8814 0.0184 0.7368 -0.383 0.5572 -0.4841 0.2766 0.8302 28.3059 445.3653 14.5957
transform "-1EXT01" 1 0 0 0 1 0 0 0 1 -54.5 406.9413 12.65
camera 66.3751 416.1291 11.7353 29.2714 438.3434 14.0216 0 52.1739

frame 98
transform "kyles" -0.4692 -0.8831 0.0044 0.7438 -0.3925 0.541 -0.476 0.2571 0.841 28.4344 445.4761 16.2989
transform "-1EXT01" 1 0 0 0 1 0 0 0 1 -54.5 406.9413 12.65
camera 66.3751 416.1291 11.7353 29.2714 438.3434 14.0216 0 52.1739

frame 99
transform "kyles" -0.4658 -0.8848 -0.0073 0.7527 -0.4006 0.5225 -0.4653 0.2379 0.8526 28.4997 445.5791 17.74
transform "-1EXT01" 1 0 0 0 1 0 0 0 1 -54.5 406.9413 12.65
camera 66.3751 416.1291 11.7353 29.2714 438.3434 14.0216 0 52.1739

frame 100
transform "kyles" -0.4617 -0.8869 -0.0163 0.7634 -0.4067 0.5018 -0.4517 0.2192 0.8648 28.5034 445.6723 18.8831
transform "-1EXT01" 1 0 0 0 1 0 0 0 1 -54.5 406.9413 12.65
camera 66.3751 416.1291 11.7353 29.2714 438.3434 14.0216 0 52.1739

frame 101
transform "kyles" -0.4577 -0.8888 -0.0234 0.7764 -0.4123 0.4767 -0.4333 0.2 0.8788 28.3658 445.7671 19.7739
transform "-1EXT01" 1 0 0 0 1 0 0 0 1 -54.5 406.9413 12.65
camera 66.3751 416.1291 11.7353 29.2714 438.3434 14.0216 0 52.1739

frame 102
transform "kyles" -0.4545 -0.8902 -0.0292 0.7915 -0.4187 0.4452 -0.4085 0.1793 0.895 28.0221 445.8752 20.4908
transform "-1EXT01" 1 0 0 0 1 0 0 0 1 -54.5 406.9413 12.65
camera 66.3751 416.1291 11.7353 29.2714 438.3434 14.0216 0 52.1739

frame 103
transform "kyles" -0.4523 -0.8912 -0.0339 0.8079 -0.4255 0.4078 -0.3779 0.1571 0.9124 27.4968 445.995 21.0471
transform "-1EXT01" 1 0 0 0 1 0 0 0 1 -54.5 406.9413 12.65
camera 66.3751 416.1291 11.7353 29.2714 438.3434 14.0216 0 52.1739

frame 104
transform "kyles" -0.4509 -0.8918 -0.0374 0.8245 -0.4323 0.3652 -0.3418 0.1338 0.9302 26.8141 446.125 21.4562
transform "-1EXT01" 1 0 0 0 1 0 0 0 1 -54.5 406.9413 12.65
camera 66.3751 416.1291 11.7353 29.2714 438.3434 14.0216 0 52.1739

frame 105
transform "kyles" -0.4503 -0.892 -0.04 0.8406 -0.4386 0.3178 -0.301 0.1095 0.9473 25.998 446.2636 21.7312
transform "-1EXT01" 1 0 0 0 1 0 0 0 1 -54.5 406.9413 12.65
camera 66.3751 416.1291 11.7353 29.2714 438.3434 14.0216 0 52.1739

frame 106
transform "kyles" -0.4503 -0.8919 -0.0416 0.8554 -0.4443 0.2664 -0.2561 0.0844 0.963 25.0726 446.4094 21.8854
transform "-1EXT01" 1 0 0 0 1 0 0 0 1 -54.5 406.9413 12.65
camera 66.3751 416.1291 11.7353 29.2714 438.3434 14.0216 0 52.1739

frame 107
transform "kyles" -0.4508 -0.8916 -0.0422 0.8681 -0.4489 0.2119 -0.2079 0.0588 0.9764 24.0615 446.5609 21.9324
transform "-1EXT01" 1 0 0 0 1 0 0 0 1 -54.5 406.9413 12.65
camera 66.3751 416.1291 11.7353 29.2714 438.3434 14.0216 0 52.1739

frame 108
transform "kyles" -0.4517 -0.8912 -0.042 0.8782 -0.4524 0.155 -0.1571 0.0331 0.987 22.9884 446.7168 21.8856
transform "-1EXT01" 1 0 0 0 1 0 0 0 1 -54.5 406.9413 12.65
camera 66.3751 416.1291 11.7353 29.2714 438.3434 14.0216 0 52.1739

frame 109
transform "kyles" -0.4528 -0.8907 -0.041 0.8854 -0.4546 0.0968 -0.1049 0.0075 0.9945 21.8769 446.8756 21.7588
transform "-1EXT01" 1 0 0 0 1 0 0 0 1 -54.5 406.9413 12.65
camera 66.3751 416.1291 11.7353 29.2714 438.3434 14.0216 0 52.1739

frame 110
transform "kyles" -0.4541 -0.8901 -0.0394 0.8894 -0.4555 0.0383 -0.052 -0.0176 0.9985 20.7504 447.0359 21.5659
transform "-1EXT01" 1 0 0 0 1 0 0 0 1 -54.5 406.9413 12.65
camera 66.3751 416.1291 11.7353 29.2714 438.3434 14.0216 0 52.1739

frame 111
transform "kyles" -0.4555 -0.8895 -0.0372 0.8903 -0.4551 -0.0195 0.0004 -0.042 0.9991 19.6325 447.1965 21.3211
transform "-1EXT01" 1 0 0 0 1 0 0 0 1 -54.5 406.9413 12.65
camera 66.3751 416.1291 11.7353 29.2714 438.3434 14.0216 0 52.1739

frame 112
transform "kyles" -0.4568 -0.8889 -0.0345 0.8881 -0.4534 -0.0755 0.0515 -0.0652 0.9965 18.5467 447.3559 21.0387
transform "-1EXT01" 1 0 0 0 1 0 0 0 1 -54.5 406.9413 12.65
camera 66.3751 416.1291 11.7353 29.2714 438.3434 14.0216 0 52.1739

frame 113
transform "kyles" -0.458 -0.8884 -0.0316 0.8833 -0.4508 -0.1289 0.1003 -0.0869 0.9912 17.5163 447.5127 20.7334
transform "-1EXT01" 1 0 0 0 1 0 0 0 1 -54.5 406.9413 12.65
camera 66.3751 416.1291 11.7353 29.2714 438.3434 14.0216 0 52.1739

frame 114
transform "kyles" -0.459 -0.888 -0.0285 0.8764 -0.4473 -0.1785 0.1458 -0.1069 0.9835 16.5652 447.6654 20.4199
transform "-1EXT01" 1 0 0 0 1 0 0 0 1 -54.5 406.9413 12.65
camera 66.3751 416.1291 11.7353 29.2714 438.3434 14.0216 0 52.1739

frame 115
transform "kyles" -0.4599 -0.8876 -0.0255 0.868 -0.4433 -0.2237 0.1872 -0.125 0.9743 15.7168 447.8125 20.1132
transform "-1EXT01" 1 0 0 0 1 0 0 0 1 -54.5 406.9413 12.65
camera 66.3751 416.1291 11.7353 29.2714 438.3434 14.0216 0 52.1739

frame 116
transform "kyles" -0.4606 -0.8873 -0.0226 0.8589 -0.4391 -0.2635 0.2239 -0.1408 0.9644 14.9951 447.9525 19.8283
transform "-1EXT01" 1 0 0 0 1 0 0 0 1 -54.5 406.9413 12.65
camera 66.3751 416.1291 11.7353 29.2714 438.3434 14.0216 0 52.1739

frame 117
transform "kyles" -0.4611 -0.8871 -0.0201 0.8499 -0.435 -0.2973 0.255 -0.1542 0.9546 14.4239 448.0838 19.5804
transform "-1EXT01" 1 0 0 0 1 0 0 0 1 -54.5 406.9413 12.65
camera 66.3751 416.1291 11.7353 29.2714 438.3434 14.0216 0 52.1739

frame 118
transform "kyles" -0.4615 -0.887 -0.0181 0.8418 -0.4313 -0.3245 0.28 -0.165 0.9457 14.0272 448.2048 19.3846
transform "-1EXT01" 1 0 0 0 1 0 0 0 1 -54.5 406.9413 12.65
camera 66.3751 416.1291 11.7353 29.2714 438.3434 14.0216 0 52.1739

frame 119
transform "kyles" -0.4617 -0.8869 -0.0168 0.8354 -0.4284 -0.3443 0.2982 -0.173 0.9387 13.8289 448.3138 19.2562
transform "-1EXT01" 1 0 0 0 1 0 0 0 1 -54.5 406.9413 12.65
camera 66.3751 416.1291 11.7353 29.2714 438.3434 14.0216 0 52.1739

frame 120
transform "kyles" -0.4617 -0.8869 -0.0163 0.8315 -0.4263 -0.3563 0.309 -0.1781 0.9342 13.853 448.4093 19.2101
transform "-1EXT01" 1 0 0 0 1 0 0 0 1 -54.5 406.9413 12.65
camera 66.3751 416.1291 11.7353 29.2714 438.3434 14.0216 0 52.1739

frame 121
transform "kyles" -0.4617 -0.8869 -0.0163 0.8302 -0.4256 -0.36 0.3124 -0.1798 0.9328 14.0992 448.4936 19.213
transform "-1EXT01" 1 0 0 0 1 0 0 0 1 -54.5 406.9413 12.65
camera 66.3751 416.1291 11.7353 29.2714 438.3434 14.0216 0 52.1739

frame 122
transform "kyles" -0.4617 -0.8869 -0.0163 0.8314 -0.4263 -0.3564 0.3091 -0.1781 0.9342 14.5383 448.5707 19.2211
transform "-1EXT01" 1 0 0 0 1 0 0 0 1 -54.5 406.9413 12.65
camera 66.3751 416.1291 11.7353 29.2714 438.3434 14.0216 0 52.1739

frame 123
transform "kyles" -0.4617 -0.8869 -0.0163 0.8348 -0.4283 -0.3459 0.2998 -0.1734 0.9381 15.1518 448.641 19.2332
transform "-1EXT01" 1 0 0 0 1 0 0 0 1 -54.5 406.9413 12.65
camera 66.3751 416.1291 11.7353 29.2714 438.3434 14.0216 0 52.1739

frame 124
transform "kyles" -0.4617 -0.8869 -0.0163 0.84 -0.4313 -0.3293 0.285 -0.1658 0.9441 15.9209 448.705 19.2483
transform "-1EXT01" 1 0 0 0 1 0 0 0 1 -54.5 406.9413 12.65
camera 66.3751 416.1291 11.7353 29.2714 438.3434 14.0216 0 52.1739

frame 125
transform "kyles" -0.4617 -0.8869 -0.0163 0.8464 -0.435 -0.3073 0.2654 -0.1557 0.9515 16.827 448.7631 19.2653
transform "-1EXT01" 1 0 0 0 1 0 0 0 1 -54.5 406.9413 12.65
camera 66.3751 416.1291 11.7353 29.2714 438.3434 14.0216 0 52.1739

frame 126
transform "kyles" -0.4617 -0.8869 -0.0163 0.8535 -0.4392 -0.2803 0.2415 -0.1434 0.9598 17.8514 448.8157 19.283
transform "-1EXT01" 1 0 0 0 1 0 0 0 1 -54.5 406.9413 12.65
camera 66.3751 416.1291 11.7353 29.2714 438.3434 14.0216 0 52.1739

frame 127
transform "kyles" -0.4617 -0.8869 -0.0163 0.8609 -0.4436 -0.2492 0.2137 -0.1291 0.9683 18.9755 448.8634 19.3001
transform "-1EXT01" 1 0 0 0 1 0 0 0 1 -54.5 406.9413 12.65
camera 66.3751 416.1291 11.7353 29.2714 438.3434 14.0216 0 52.1739

frame 128
transform "kyles" -0.4617 -0.8869 -0.0163 0.868 -0.4479 -0.2145 0.1829 -0.1132 0.9766 20.1807 448.9065 19.3156
transform "-1EXT01" 1 0 0 0 1 0 0 0 1 -54.5 406.9413 12.65
camera 66.3751 416.1291 11.7353 29.2714 438.3434 14.0216 0 52.1739

frame 129
transform "kyles" -0.4617 -0.8869 -0.0163 0.8743 -0.4519 -0.1769 0.1495 -0.096 0.9841 21.4482 448.9454 19.3284
transform "-1EXT01" 1 0 0 0 1 0 0 0 1 -54.5 406.9413 12.65
camera 66.3751 416.1291 11.7353 29.2714 438.3434 14.0216 0 52.1739

frame 130
transform "kyles" -0.4617 -0.8869 -0.0163 0.8796 -0.4554 -0.1373 0.1144 -0.0778 0.9904 22.7596 448.9807 19.3374
transform "-1EXT01" 1 0 0 0 1 0 0 0 1 -54.5 406.9413 12.65
camera 66.3751 416.1291 11.7353 29.2714 438.3434 14.0216 0 52.1739

frame 131
transform "kyles" -0.4617 -0.8869 -0.0163 0.8836 -0.4582 -0.0965 0.0781 -0.059 0.9952 24.0962 449.0127 19.3418
transform "-1EXT01" 1 0 0 0 1 0 0 0 1 -54.5 406.9413 12.65
camera 66.3751 416.1291 11.7353 29.2714 438.3434 14.0216 0 52.1739

frame 132
transform "kyles" -0.4617 -0.8869 -0.0163 0.886 -0.4603 -0.0552 0.0414 -0.0399 0.9983 25.4393 449.0418 19.3408
transform "-1EXT01" 1 0 0 0 1 0 0 0 1 -54.5 406.9413 12.65
camera 66.3751 416.1291 11.7353 29.2714 438.3434 14.0216 0 52.1739

frame 133
transform "kyles" -0.4617 -0.8869 -0.0163 0.887 -0.4615 -0.0142 0.0051 -0.0211 0.9998 26.7702 449.0685 19.3337
transform "-1EXT01" 1 0 0 0 1 0 0 0 1 -54.5 406.9413 12.65
camera 66.3751 416.1291 11.7353 29.2714 438.3434 14.0216 0 52.1739

frame 134
transform "kyles" -0.4617 -0.8869 -0.0163 0.8865 -0.462 0.0255 -0.0301 -0.0027 0.9995 28.0704 449.0933 19.3199
transform "-1EXT01" 1 0 0 0 1 0 0 0 1 -54.5 406.9413 12.65
camera 66.3751 416.1291 11.7353 29.2714 438.3434 14.0216 0 52.1739

frame 135
transform "kyles" -0.4617 -0.8869 -0.0163 0.8847 -0.4618 0.0631 -0.0635 0.0147 0.9979 29.321 449.1165 19.2989
transform "-1EXT01" 1 0 0 0 1 0 0 0 1 -54.5 406.9413 12.65
camera 66.3751 416.1291 11.7353 29.2714 438.3434 14.0216 0 52.1739

frame 136
transform "kyles" -0.4617 -0.8869 -0.0163 0.882 -0.461 0.0979 -0.0943 0.0308 0.9951 30.5032 449.1389 19.2703
transform "-1EXT01" 1 0 0 0 1 0 0 0 1 -54.5 406.9413 12.65
camera 66.3751 416.1291 11.7353 29.2714 438.3434 14.0216 0 52.1739

frame 137
transform "kyles" -0.4617 -0.8869 -0.0163 0.8786 -0.4598 0.129 -0.1219 0.0452 0.9915 31.5983 449.1608 19.2337
transform "-1EXT01" 1 0 0 0 1 0 0 0 1 -54.5 406.9413 12.65
camera 66.3751 416.1291 11.7353 29.2714 438.3434 14.0216 0 52.1739

frame 138
transform "kyles" -0.4617 -0.8869 -0.0163 0.875 -0.4584 0.1557 -0.1455 0.0576 0.9877 32.5873 449.1827 19.1889
transform "-1EXT01" 1 0 0 0 1 0 0 0 1 -54.5 406.9413 12.65
camera 66.3751 416.1291 11.7353 29.2714 438.3434 14.0216 0 52.1739

frame 139
transform "kyles" -0.4617 -0.8869 -0.0163 0.8716 -0.4571 0.1772 -0.1646 0.0676 0.984 33.4513 449.2054 19.1356
transform "-1EXT01" 1 0 0 0 1 0 0 0 1 -54.5 406.9413 12.65
camera 66.3751 416.1291 11.7353 29.2714 438.3434 14.0216 0 52.1739

frame 140
transform "kyles" -0.4617 -0.8869 -0.0163 0.8689 -0.4559 0.1929 -0.1786 0.0749 0.9811 34.1715 449.2292 19.0734
transform "-1EXT01" 1 0 0 0 1 0 0 0 1 -54.5 406.9413 12.65
camera 66.3751 416.1291 11.7353 29.2714 438.3434 14.0216 0 52.1739

frame 141
transform "kyles" -0.4617 -0.8869 -0.0163 0.8676 -0.4554 0.1998 -0.1847 0.0781 0.9797 34.7052 449.249 18.9917
transform "-1EXT01" 1 0 0 0 1 0 0 0 1 -54.5 406.9413 12.65
camera 66.3751 416.1291 11.7353 29.2714 438.3434 14.0216 0 52.1739

frame 142
transform "kyles" -0.4617 -0.8869 -0.0163 0.8682 -0.4556 0.1967 -0.1819 0.0766 0.9803 35.0371 449.2598 18.8819
transform "-1EXT01" 1 0 0 0 1 0 0 0 1 -54.5 406.9413 12.65
camera 66.3751 416.1291 11.7353 29.2714 438.3434 14.0216 0 52.1739

frame 143
transform "kyles" -0.4617 -0.8869 -0.0163 0.8702 -0.4565 0.1852 -0.1717 0.0713 0.9826 35.1891 449.2628 18.7469
transform "-1EXT01" 1 0 0 0 1 0 0 0 1 -54.5 406.9413 12.65
camera 66.3751 416.1291 11.7353 29.2714 438.3434 14.0216 0 52.1739

frame 144
transform "kyles" -0.4617 -0.8869 -0.0163 0.8732 -0.4577 0.1671 -0.1557 0.0629 0.9858 35.1835 449.2593 18.5892
transform "-1EXT01" 1 0 0 0 1 0 0 0 1 -54.5 406.9413 12.65
camera 66.3751 416.1291 11.7353 29.2714 438.3434 14.0216 0 52.1739

frame 145
transform "kyles" -0.4617 -0.8869 -0.0163 0.8766 -0.4591 0.1442 -0.1354 0.0523 0.9894 35.0423 449.2503 18.4115
transform "-1EXT01" 1 0 0 0 1 0 0 0 1 -54.5 406.9413 12.65
camera 66.3751 416.1291 11.7353 29.2714 438.3434 14.0216 0 52.1739

frame 146
transform "kyles" -0.4617 -0.8869 -0.0163 0.8799 -0.4603 0.1182 -0.1124 0.0402 0.9929 34.7875 449.2372 18.2164
transform "-1EXT01" 1 0 0 0 1 0 0 0 1 -54.5 406.9413 12.65
camera 66.3751 416.1291 11.7353 29.2714 438.3434 14.0216 0 52.1739

frame 147
transform "kyles" -0.4617 -0.8869 -0.0163 0.8826 -0.4612 0.0909 -0.0882 0.0276 0.9957 34.4412 449.221 18.0066
transform "-1EXT01" 1 0 0 0 1 0 0 0 1 -54.5 406.9413 12.65
camera 66.3751 416.1291 11.7353 29.2714 438.3434 14.0216 0 52.1739

frame 148
transform "kyles" -0.4617 -0.8869 -0.0163 0.8847 -0.4618 0.0642 -0.0645 0.0152 0.9978 34.0253 449.2031 17.7851
transform "-1EXT01" 1 0 0 0 1 0 0 0 1 -54.5 406.9413 12.65
camera 66.3751 416.1291 11.7353 29.2714 438.3434 14.0216 0 52.1739

frame 149
transform "kyles" -0.4617 -0.8869 -0.0163 0.886 -0.462 0.0398 -0.0428 0.0039 0.9991 33.5616 449.1848 17.5549
transform "-1EXT01" 1 0 0 0 1 0 0 0 1 -54.5 406.9413 12.65
camera 66.3751 416.1291 11.7353 29.2714 438.3434 14.0216 0 52.1739

frame 150
transform "kyles" -0.4617 -0.8869 -0.0163 0.8867 -0.462 0.0196 -0.025 -0.0054 0.9997 33.0721 449.1673 17.3192
transform "-1EXT01" 1 0 0 0 1 0 0 0 1 -54.5 406.9413 12.65
camera 66.3751 416.1291 11.7353 29.2714 438.3434 14.0216 0 52.1739
