VERSION 201

frame 0
transform "01" 1 0 0 0 0.9998 0.0175 0 -0.0175 0.9998 226.6434 270.2736 33
transform "CONST01" 0.618 -0.784 0.0593 0.7801 0.6208 0.0779 -0.0979 -0.0019 0.9952 161.8894 182.7564 34
top 226.6434 270.2736 33 326.974

frame 1
transform "01" 1 0 0 0 0.9998 0.0175 0 -0.0175 0.9998 226.6434 270.2736 33
transform "CONST01" 0.6036 -0.7967 0.0308 0.7935 0.6041 0.0741 -0.0777 -0.0203 0.9968 160.6246 183.5992 38.2023
top 226.6434 270.2736 33 326.974

frame 2
transform "01" 1 0 0 0 0.9998 0.0175 0 -0.0175 0.9998 226.6434 270.2736 33
transform "CONST01" 0.5886 -0.8084 0.0015 0.8064 0.5873 0.0699 -0.0574 -0.04 0.9976 159.3655 184.4475 42.3956
top 226.6434 270.2736 33 326.974

frame 3
transform "01" 1 0 0 0 0.9998 0.0175 0 -0.0175 0.9998 226.6434 270.2736 33
transform "CONST01" 0.573 -0.8191 -0.0287 0.8187 0.5705 0.0652 -0.037 -0.0609 0.9975 158.1178 185.3067 46.5706
top 226.6434 270.2736 33 326.974

frame 4
transform "01" 1 0 0 0 0.9998 0.0175 0 -0.0175 0.9998 226.6434 270.2736 33
transform "CONST01" 0.5566 -0.8286 -0.0595 0.8306 0.5536 0.06 -0.0168 -0.0828 0.9964 156.8873 186.1822 50.7185
top 226.6434 270.2736 33 326.974

frame 5
transform "01" 1 0 0 0 0.9998 0.0175 0 -0.0175 0.9998 226.6434 270.2736 33
transform "CONST01" 0.5395 -0.8371 -0.0908 0.842 0.5368 0.0543 0.0033 -0.1057 0.9944 155.6796 187.0796 54.83
top 226.6434 270.2736 33 326.974

frame 6
transform "01" 1 0 0 0 0.9998 0.0175 0 -0.0175 0.9998 226.6434 270.2736 33
transform "CONST01" 0.5217 -0.8443 -0.1223 0.8528 0.52 0.0479 0.0231 -0.1293 0.9913 154.5004 188.0042 58.8962
top 226.6434 270.2736 33 326.974

frame 7
transform "01" 1 0 0 0 0.9998 0.0175 0 -0.0175 0.9998 226.6434 270.2736 33
transform "CONST01" 0.503 -0.8505 -0.154 0.8632 0.5032 0.041 0.0426 -0.1535 0.9872 153.3555 188.9615 62.9078
top 226.6434 270.2736 33 326.974

frame 8
transform "01" 1 0 0 0 0.9998 0.0175 0 -0.0175 0.9998 226.6434 270.2736 33
transform "CONST01" 0.4836 -0.8554 -0.1855 0.8731 0.4864 0.0335 0.0616 -0.1782 0.9821 152.2506 189.9569 66.856
top 226.6434 270.2736 33 326.974

frame 9
transform "01" 1 0 0 0 0.9998 0.0175 0 -0.0175 0.9998 226.6434 270.2736 33
transform "CONST01" 0.4634 -0.8592 -0.2168 0.8825 0.4696 0.0253 0.0801 -0.2031 0.9759 151.1914 190.996 70.7315
top 226.6434 270.2736 33 326.974

frame 10
transform "01" 1 0 0 0 0.9998 0.0175 0 -0.0175 0.9998 226.6434 270.2736 33
transform "CONST01" 0.4424 -0.8619 -0.2477 0.8914 0.4528 0.0166 0.0979 -0.2282 0.9687 150.1835 192.0841 74.5253
top 226.6434 270.2736 33 326.974

frame 11
transform "01" 1 0 0 0 0.9998 0.0175 0 -0.0175 0.9998 226.6434 270.2736 33
transform "CONST01" 0.4207 -0.8635 -0.278 0.8999 0.4361 0.0072 0.115 -0.2532 0.9606 149.2328 193.2268 78.2283
top 226.6434 270.2736 33 326.974

frame 12
transform "01" 1 0 0 0 0.9998 0.0175 0 -0.0175 0.9998 226.6434 270.2736 33
transform "CONST01" 0.3983 -0.8642 -0.3075 0.9078 0.4194 -0.0028 0.1314 -0.2781 0.9515 148.3449 194.4294 81.8314
top 226.6434 270.2736 33 326.974

frame 13
transform "01" 1 0 0 0 0.9998 0.0175 0 -0.0175 0.9998 226.6434 270.2736 33
transform "CONST01" 0.3752 -0.8638 -0.3361 0.9152 0.4027 -0.0134 0.1469 -0.3026 0.9417 147.5255 195.6974 85.3257
top 226.6434 270.2736 33 326.974

frame 14
transform "01" 1 0 0 0 0.9998 0.0175 0 -0.0175 0.9998 226.6434 270.2736 33
transform "CONST01" 0.3515 -0.8627 -0.3637 0.9221 0.3861 -0.0245 0.1616 -0.3267 0.9312 146.7803 197.0363 88.7019
top 226.6434 270.2736 33 326.974

frame 15
transform "01" 1 0 0 0 0.9998 0.0175 0 -0.0175 0.9998 226.6434 270.2736 33
transform "CONST01" 0.3272 -0.8607 -0.3899 0.9286 0.3694 -0.0363 0.1753 -0.3502 0.9201 146.1151 198.4516 91.951
top 226.6434 270.2736 33 326.974

frame 16
transform "01" 1 0 0 0 0.9998 0.0175 0 -0.0175 0.9998 226.6434 270.2736 33
transform "CONST01" 0.3024 -0.8582 -0.4149 0.9345 0.3527 -0.0486 0.188 -0.373 0.9086 145.5355 199.9485 95.0639
top 226.6434 270.2736 33 326.974

frame 17
transform "01" 1 0 0 0 0.9998 0.0175 0 -0.0175 0.9998 226.6434 270.2736 33
transform "CONST01" 0.2771 -0.855 -0.4383 0.9398 0.336 -0.0614 0.1998 -0.395 0.8967 145.0473 201.5327 98.0316
top 226.6434 270.2736 33 326.974

frame 18
transform "01" 1 0 0 0 0.9998 0.0175 0 -0.0175 0.9998 226.6434 270.2736 33
transform "CONST01" 0.2514 -0.8515 -0.4602 0.9447 0.3193 -0.0747 0.2105 -0.416 0.8847 144.6562 203.2096 100.845
top 226.6434 270.2736 33 326.974

frame 19
transform "01" 1 0 0 0 0.9998 0.0175 0 -0.0175 0.9998 226.6434 270.2736 33
transform "CONST01" 0.2253 -0.8476 -0.4803 0.9491 0.3024 -0.0884 0.2202 -0.4359 0.8726 144.3678 204.9846 103.4949
top 226.6434 270.2736 33 326.974

frame 20
transform "01" 1 0 0 0 0.9998 0.0175 0 -0.0175 0.9998 226.6434 270.2736 33
transform "CONST01" 0.199 -0.8436 -0.4987 0.9529 0.2855 -0.1026 0.2289 -0.4547 0.8607 144.188 206.8632 105.9724
top 226.6434 270.2736 33 326.974

frame 21
transform "01" 1 0 0 0 0.9998 0.0175 0 -0.0175 0.9998 226.6434 270.2736 33
transform "CONST01" 0.1725 -0.8396 -0.5151 0.9562 0.2684 -0.1172 0.2366 -0.4723 0.8491 144.1223 208.8508 108.2683
top 226.6434 270.2736 33 326.974

frame 22
transform "01" 1 0 0 0 0.9998 0.0175 0 -0.0175 0.9998 226.6434 270.2736 33
transform "CONST01" 0.1458 -0.8356 -0.5296 0.9589 0.2511 -0.1321 0.2433 -0.4885 0.8379 144.1766 210.9529 110.3735
top 226.6434 270.2736 33 326.974

frame 23
transform "01" 1 0 0 0 0.9998 0.0175 0 -0.0175 0.9998 226.6434 270.2736 33
transform "CONST01" 0.1191 -0.8319 -0.5419 0.9611 0.2335 -0.1473 0.2491 -0.5033 0.8274 144.3565 213.1749 112.2791
top 226.6434 270.2736 33 326.974

frame 24
transform "01" 1 0 0 0 0.9998 0.0175 0 -0.0175 0.9998 226.6434 270.2736 33
transform "CONST01" 0.0923 -0.8286 -0.5522 0.9628 0.2157 -0.1627 0.2539 -0.5167 0.8177 144.6677 215.5223 113.9758
top 226.6434 270.2736 33 326.974

frame 25
transform "01" 1 0 0 0 0.9998 0.0175 0 -0.0175 0.9998 226.6434 270.2736 33
transform "CONST01" 0.0656 -0.8257 -0.5603 0.964 0.1975 -0.1783 0.2579 -0.5284 0.8089 145.0646 217.7453 115.3162
top 226.6434 270.2736 33 326.974

frame 26
transform "01" 1 0 0 0 0.9998 0.0175 0 -0.0175 0.9998 226.6434 270.2736 33
transform "CONST01" 0.039 -0.8234 -0.5661 0.9645 0.179 -0.1939 0.261 -0.5385 0.8012 145.2336 218.5638 115.7499
top 226.6434 270.2736 33 326.974

frame 27
transform "01" 1 0 0 0 0.9998 0.0175 0 -0.0175 0.9998 226.6434 270.2736 33
transform "CONST01" 0.0128 -0.8254 -0.5643 0.9648 0.1585 -0.2099 0.2627 -0.5418 0.7984 145.8158 221.1292 116.9428
top 226.6434 270.2736 33 326.974

frame 28
transform "01" 1 0 0 0 0.9998 0.0175 0 -0.0175 0.9998 226.6434 270.2736 33
transform "CONST01" -0.0124 -0.8344 -0.5511 0.9648 0.1349 -0.2259 0.2628 -0.5345 0.8033 146.4924 223.8237 117.9722
top 226.6434 270.2736 33 326.974

frame 29
transform "01" 1 0 0 0 0.9998 0.0175 0 -0.0175 0.9998 226.6434 270.2736 33
transform "CONST01" -0.037 -0.8483 -0.5283 0.9644 0.1082 -0.2414 0.2619 -0.5184 0.8141 147.2595 226.6397 118.8453
top 226.6434 270.2736 33 326.974

frame 30
transform "01" 1 0 0 0 0.9998 0.0175 0 -0.0175 0.9998 226.6434 270.2736 33
transform "CONST01" -0.0611 -0.8651 -0.4978 0.9635 0.079 -0.2556 0.2605 -0.4953 0.8288 148.1133 229.5698 119.5697
top 226.6434 270.2736 33 326.974

frame 31
transform "01" 1 0 0 0 0.9998 0.0175 0 -0.0175 0.9998 226.6434 270.2736 33
transform "CONST01" -0.0849 -0.883 -0.4617 0.9622 0.0477 -0.2682 0.2588 -0.467 0.8455 149.05 232.6063 120.1528
top 226.6434 270.2736 33 326.974

frame 32
transform "01" 1 0 0 0 0.9998 0.0175 0 -0.0175 0.9998 226.6434 270.2736 33
transform "CONST01" -0.1085 -0.9 -0.4221 0.9603 0.0149 -0.2787 0.2572 -0.4356 0.8626 150.0658 235.7417 120.6021
top 226.6434 270.2736 33 326.974

frame 33
transform "01" 1 0 0 0 0.9998 0.0175 0 -0.0175 0.9998 226.6434 270.2736 33
transform "CONST01" -0.1322 -0.9149 -0.3813 0.9577 -0.0187 -0.2872 0.2556 -0.4032 0.8787 151.1568 238.9684 120.925
top 226.6434 270.2736 33 326.974

frame 34
transform "01" 1 0 0 0 0.9998 0.0175 0 -0.0175 0.9998 226.6434 270.2736 33
transform "CONST01" -0.1562 -0.9267 -0.3419 0.9545 -0.0525 -0.2937 0.2542 -0.3722 0.8927 152.3192 242.2789 121.129
top 226.6434 270.2736 33 326.974

frame 35
transform "01" 1 0 0 0 0.9998 0.0175 0 -0.0175 0.9998 226.6434 270.2736 33
transform "CONST01" -0.1804 -0.9346 -0.3066 0.9506 -0.0856 -0.2985 0.2528 -0.3453 0.9038 153.5491 245.6656 121.2214
top 226.6434 270.2736 33 326.974

frame 36
transform "01" 1 0 0 0 0.9998 0.0175 0 -0.0175 0.9998 226.6434 270.2736 33
transform "CONST01" -0.2052 -0.9384 -0.278 0.946 -0.1173 -0.3024 0.2511 -0.325 0.9117 154.8428 249.121 121.2098
top 226.6434 270.2736 33 326.974

frame 37
transform "01" 1 0 0 0 0.9998 0.0175 0 -0.0175 0.9998 226.6434 270.2736 33
transform "CONST01" -0.2306 -0.938 -0.2588 0.9407 -0.1469 -0.3059 0.2489 -0.314 0.9162 156.1964 252.6375 121.1016
top 226.6434 270.2736 33 326.974

frame 38
transform "01" 1 0 0 0 0.9998 0.0175 0 -0.0175 0.9998 226.6434 270.2736 33
transform "CONST01" -0.256 -0.9349 -0.2459 0.9348 -0.1746 -0.3094 0.2463 -0.309 0.9186 157.6061 256.2074 120.9043
top 226.6434 270.2736 33 326.974

frame 39
transform "01" 1 0 0 0 0.9998 0.0175 0 -0.0175 0.9998 226.6434 270.2736 33
transform "CONST01" -0.2807 -0.9308 -0.2341 0.9283 -0.2013 -0.3126 0.2438 -0.305 0.9206 159.068 259.8234 120.6253
top 226.6434 270.2736 33 326.974

frame 40
transform "01" 1 0 0 0 0.9998 0.0175 0 -0.0175 0.9998 226.6434 270.2736 33
transform "CONST01" -0.3047 -0.9259 -0.2235 0.9214 -0.2271 -0.3155 0.2413 -0.302 0.9223 160.5783 263.4777 120.272
top 226.6434 270.2736 33 326.974

frame 41
transform "01" 1 0 0 0 0.9998 0.0175 0 -0.0175 0.9998 226.6434 270.2736 33
transform "CONST01" -0.3281 -0.9201 -0.2139 0.9139 -0.252 -0.3181 0.2388 -0.2999 0.9236 162.1332 267.163 119.8519
top 226.6434 270.2736 33 326.974

frame 42
transform "01" 1 0 0 0 0.9998 0.0175 0 -0.0175 0.9998 226.6434 270.2736 33
transform "CONST01" -0.3512 -0.9135 -0.2053 0.9061 -0.2762 -0.3206 0.2361 -0.2986 0.9247 163.7289 270.8715 119.3724
top 226.6434 270.2736 33 326.974

frame 43
transform "01" 1 0 0 0 0.9998 0.0175 0 -0.0175 0.9998 226.6434 270.2736 33
transform "CONST01" -0.3738 -0.9062 -0.1977 0.8977 -0.2999 -0.3229 0.2333 -0.2982 0.9256 165.3615 274.5957 118.8411
top 226.6434 270.2736 33 326.974

frame 44
transform "01" 1 0 0 0 0.9998 0.0175 0 -0.0175 0.9998 226.6434 270.2736 33
transform "CONST01" -0.3962 -0.8981 -0.1909 0.8888 -0.323 -0.325 0.2302 -0.2985 0.9262 167.0272 278.3282 118.2653
top 226.6434 270.2736 33 326.974

frame 45
transform "01" 1 0 0 0 0.9998 0.0175 0 -0.0175 0.9998 226.6434 270.2736 33
transform "CONST01" -0.4184 -0.8892 -0.1849 0.8795 -0.3459 -0.327 0.2268 -0.2994 0.9268 168.7222 282.0612 117.6525
top 226.6434 270.2736 33 326.974

frame 46
transform "01" 1 0 0 0 0.9998 0.0175 0 -0.0175 0.9998 226.6434 270.2736 33
transform "CONST01" -0.4406 -0.8796 -0.1795 0.8696 -0.3684 -0.3289 0.2231 -0.301 0.9272 170.4426 285.7874 117.0101
top 226.6434 270.2736 33 326.974

frame 47
transform "01" 1 0 0 0 0.9998 0.0175 0 -0.0175 0.9998 226.6434 270.2736 33
transform "CONST01" -0.4627 -0.8691 -0.1748 0.859 -0.3908 -0.3306 0.219 -0.3031 0.9274 172.1846 289.4989 116.3456
top 226.6434 270.2736 33 326.974

frame 48
transform "01" 1 0 0 0 0.9998 0.0175 0 -0.0175 0.9998 226.6434 270.2736 33
transform "CONST01" -0.4848 -0.8578 -0.1705 0.8479 -0.4132 -0.3322 0.2146 -0.3056 0.9277 173.9444 293.1885 115.6664
top 226.6434 270.2736 33 326.974

frame 49
transform "01" 1 0 0 0 0.9998 0.0175 0 -0.0175 0.9998 226.6434 270.2736 33
transform "CONST01" -0.5071 -0.8456 -0.1667 0.836 -0.4356 -0.3337 0.2096 -0.3086 0.9278 175.7182 296.8484 114.98
top 226.6434 270.2736 33 326.974

frame 50
transform "01" 1 0 0 0 0.9998 0.0175 0 -0.0175 0.9998 226.6434 270.2736 33
transform "CONST01" -0.5295 -0.8324 -0.1632 0.8234 -0.4581 -0.335 0.2041 -0.3118 0.928 177.502 300.4712 114.2939
top 226.6434 270.2736 33 326.974

frame 51
transform "01" 1 0 0 0 0.9998 0.0175 0 -0.0175 0.9998 226.6434 270.2736 33
transform "CONST01" -0.5522 -0.8182 -0.16 0.8098 -0.4808 -0.3362 0.1982 -0.3152 0.9281 179.2922 304.0493 113.6154
top 226.6434 270.2736 33 326.974

frame 52
transform "01" 1 0 0 0 0.9998 0.0175 0 -0.0175 0.9998 226.6434 270.2736 33
transform "CONST01" -0.5752 -0.8028 -0.1569 0.7953 -0.5039 -0.3372 0.1916 -0.3187 0.9283 181.0848 307.575 112.9521
top 226.6434 270.2736 33 326.974

frame 53
transform "01" 1 0 0 0 0.9998 0.0175 0 -0.0175 0.9998 226.6434 270.2736 33
transform "CONST01" -0.5984 -0.7862 -0.154 0.7796 -0.5273 -0.3379 0.1845 -0.3222 0.9285 182.8761 311.0409 112.3113
top 226.6434 270.2736 33 326.974

frame 54
transform "01" 1 0 0 0 0.9998 0.0175 0 -0.0175 0.9998 226.6434 270.2736 33
transform "CONST01" -0.622 -0.7683 -0.151 0.7628 -0.551 -0.3384 0.1768 -0.3257 0.9288 184.6621 314.4394 111.7006
top 226.6434 270.2736 33 326.974

frame 55
transform "01" 1 0 0 0 0.9998 0.0175 0 -0.0175 0.9998 226.6434 270.2736 33
transform "CONST01" -0.6459 -0.7489 -0.148 0.7446 -0.5753 -0.3386 0.1684 -0.3289 0.9292 186.4392 317.7628 111.1273
top 226.6434 270.2736 33 326.974

frame 56
transform "01" 1 0 0 0 0.9998 0.0175 0 -0.0175 0.9998 226.6434 270.2736 33
transform "CONST01" -0.6701 -0.728 -0.1449 0.7249 -0.6 -0.3384 0.1594 -0.3318 0.9298 188.2034 321.0038 110.5989
top 226.6434 270.2736 33 326.974

frame 57
transform "01" 1 0 0 0 0.9998 0.0175 0 -0.0175 0.9998 226.6434 270.2736 33
transform "CONST01" -0.6946 -0.7053 -0.1416 0.7036 -0.6251 -0.3379 0.1498 -0.3343 0.9305 189.9509 324.1547 110.123
top 226.6434 270.2736 33 326.974

frame 58
transform "01" 1 0 0 0 0.9998 0.0175 0 -0.0175 0.9998 226.6434 270.2736 33
transform "CONST01" -0.7193 -0.6808 -0.138 0.6805 -0.6507 -0.3369 0.1395 -0.3362 0.9314 191.6779 327.208 109.7068
top 226.6434 270.2736 33 326.974

frame 59
transform "01" 1 0 0 0 0.9998 0.0175 0 -0.0175 0.9998 226.6434 270.2736 33
transform "CONST01" -0.7442 -0.6543 -0.1341 0.6554 -0.6768 -0.3353 0.1287 -0.3375 0.9325 193.3805 330.156 109.3579
top 226.6434 270.2736 33 326.974

frame 60
transform "01" 1 0 0 0 0.9998 0.0175 0 -0.0175 0.9998 226.6434 270.2736 33
transform "CONST01" -0.7728 -0.621 -0.1312 0.6244 -0.7069 -0.3321 0.1135 -0.3386 0.9341 195.2331 332.7691 108.9368
top 226.6434 270.2736 33 326.974

frame 61
transform "01" 1 0 0 0 0.9998 0.0175 0 -0.0175 0.9998 226.6434 270.2736 33
transform "CONST01" -0.8063 -0.577 -0.1305 0.5844 -0.7428 -0.3267 0.0916 -0.3396 0.9361 197.3778 334.8629 108.329
top 226.6434 270.2736 33 326.974

frame 62
transform "01" 1 0 0 0 0.9998 0.0175 0 -0.0175 0.9998 226.6434 270.2736 33
transform "CONST01" -0.8416 -0.5238 -0.1317 0.5362 -0.7811 -0.3198 0.0647 -0.3398 0.9383 199.7623 336.4979 107.5793
top 226.6434 270.2736 33 326.974

frame 63
transform "01" 1 0 0 0 0.9998 0.0175 0 -0.0175 0.9998 226.6434 270.2736 33
transform "CONST01" -0.8758 -0.4636 -0.1344 0.4815 -0.8189 -0.3124 0.0347 -0.3383 0.9404 202.3344 337.7347 106.7325
top 226.6434 270.2736 33 326.974

frame 64
transform "01" 1 0 0 0 0.9998 0.0175 0 -0.0175 0.9998 226.6434 270.2736 33
transform "CONST01" -0.9066 -0.3988 -0.1383 0.4221 -0.8537 -0.3052 0.0036 -0.3351 0.9422 205.0417 338.6339 105.8336
top 226.6434 270.2736 33 326.974

frame 65
transform "01" 1 0 0 0 0.9998 0.0175 0 -0.0175 0.9998 226.6434 270.2736 33
transform "CONST01" -0.9323 -0.3323 -0.1426 0.3606 -0.8835 -0.299 -0.0266 -0.3301 0.9436 207.8322 339.2562 104.9273
top 226.6434 270.2736 33 326.974

frame 66
transform "01" 1 0 0 0 0.9998 0.0175 0 -0.0175 0.9998 226.6434 270.2736 33
transform "CONST01" -0.9524 -0.2674 -0.1465 0.3001 -0.9074 -0.2943 -0.0543 -0.3242 0.9444 210.6535 339.6619 104.0586
top 226.6434 270.2736 33 326.974

frame 67
transform "01" 1 0 0 0 0.9998 0.0175 0 -0.0175 0.9998 226.6434 270.2736 33
transform "CONST01" -0.9668 -0.2076 -0.1492 0.2436 -0.925 -0.2917 -0.0775 -0.3184 0.9448 213.4534 339.9117 103.2722
top 226.6434 270.2736 33 326.974

frame 68
transform "01" 1 0 0 0 0.9998 0.0175 0 -0.0175 0.9998 226.6434 270.2736 33
transform "CONST01" -0.9763 -0.1563 -0.1498 0.1946 -0.9365 -0.2916 -0.0947 -0.3139 0.9447 216.1797 340.0662 102.6131
top 226.6434 270.2736 33 326.974

frame 69
transform "01" 1 0 0 0 0.9998 0.0175 0 -0.0175 0.9998 226.6434 270.2736 33
transform "CONST01" -0.9824 -0.1128 -0.1486 0.1527 -0.9437 -0.2934 -0.1071 -0.311 0.9444 218.9133 340.1832 102.0389
top 226.6434 270.2736 33 326.974

frame 70
transform "01" 1 0 0 0 0.9998 0.0175 0 -0.0175 0.9998 226.6434 270.2736 33
transform "CONST01" -0.9864 -0.0738 -0.1466 0.115 -0.9482 -0.2962 -0.1171 -0.309 0.9438 221.7533 340.2694 101.4779
top 226.6434 270.2736 33 326.974

frame 71
transform "01" 1 0 0 0 0.9998 0.0175 0 -0.0175 0.9998 226.6434 270.2736 33
transform "CONST01" -0.9888 -0.0386 -0.1439 0.0807 -0.9506 -0.2997 -0.1252 -0.3079 0.9431 224.674 340.3087 100.9309
top 226.6434 270.2736 33 326.974

frame 72
transform "01" 1 0 0 0 0.9998 0.0175 0 -0.0175 0.9998 226.6434 270.2736 33
transform "CONST01" -0.9901 -0.0062 -0.1405 0.049 -0.9515 -0.3038 -0.1318 -0.3077 0.9423 227.6499 340.2853 100.3983
top 226.6434 270.2736 33 326.974

frame 73
transform "01" 1 0 0 0 0.9998 0.0175 0 -0.0175 0.9998 226.6434 270.2736 33
transform "CONST01" -0.9903 0.0242 -0.1365 0.0193 -0.9511 -0.3084 -0.1373 -0.3081 0.9414 230.6556 340.1831 99.8808
top 226.6434 270.2736 33 326.974

frame 74
transform "01" 1 0 0 0 0.9998 0.0175 0 -0.0175 0.9998 226.6434 270.2736 33
transform "CONST01" -0.9898 0.0535 -0.1321 -0.0095 -0.9496 -0.3133 -0.1422 -0.3089 0.9404 233.6656 339.9861 99.379
top 226.6434 270.2736 33 326.974

frame 75
transform "01" 1 0 0 0 0.9998 0.0175 0 -0.0175 0.9998 226.6434 270.2736 33
transform "CONST01" -0.9884 0.0825 -0.1272 -0.038 -0.9472 -0.3184 -0.1467 -0.3099 0.9394 236.6543 339.6783 98.8935
top 226.6434 270.2736 33 326.974

frame 76
transform "01" 1 0 0 0 0.9998 0.0175 0 -0.0175 0.9998 226.6434 270.2736 33
transform "CONST01" -0.9862 0.1121 -0.1219 -0.0672 -0.9438 -0.3236 -0.1513 -0.3109 0.9383 239.5962 339.2438 98.425
top 226.6434 270.2736 33 326.974

frame 77
transform "01" 1 0 0 0 0.9998 0.0175 0 -0.0175 0.9998 226.6434 270.2736 33
transform "CONST01" -0.9828 0.1431 -0.1164 -0.0979 -0.9394 -0.3285 -0.1564 -0.3115 0.9373 242.4658 338.6664 97.974
top 226.6434 270.2736 33 326.974

frame 78
transform "01" 1 0 0 0 0.9998 0.0175 0 -0.0175 0.9998 226.6434 270.2736 33
transform "CONST01" -0.9781 0.1765 -0.1107 -0.1308 -0.9337 -0.3332 -0.1622 -0.3114 0.9363 245.2377 337.9302 97.5412
top 226.6434 270.2736 33 326.974

frame 79
transform "01" 1 0 0 0 0.9998 0.0175 0 -0.0175 0.9998 226.6434 270.2736 33
transform "CONST01" -0.9714 0.2131 -0.1049 -0.1668 -0.9265 -0.3374 -0.169 -0.3103 0.9355 247.8862 337.0193 97.1272
top 226.6434 270.2736 33 326.974

frame 80
transform "01" 1 0 0 0 0.9998 0.0175 0 -0.0175 0.9998 226.6434 270.2736 33
transform "CONST01" -0.9623 0.2535 -0.099 -0.2065 -0.9171 -0.341 -0.1772 -0.3077 0.9348 250.386 335.9175 96.7326
top 226.6434 270.2736 33 326.974

frame 81
transform "01" 1 0 0 0 0.9998 0.0175 0 -0.0175 0.9998 226.6434 270.2736 33
transform "CONST01" -0.9498 0.2985 -0.0933 -0.2506 -0.905 -0.3437 -0.187 -0.3031 0.9344 252.7114 334.6089 96.358
top 226.6434 270.2736 33 326.974

frame 82
transform "01" 1 0 0 0 0.9998 0.0175 0 -0.0175 0.9998 226.6434 270.2736 33
transform "CONST01" -0.9332 0.3486 -0.0877 -0.2997 -0.8893 -0.3455 -0.1985 -0.2961 0.9343 254.837 333.0776 96.0041
top 226.6434 270.2736 33 326.974

frame 83
transform "01" 1 0 0 0 0.9998 0.0175 0 -0.0175 0.9998 226.6434 270.2736 33
transform "CONST01" -0.8972 0.4342 -0.0812 -0.3837 -0.8572 -0.3435 -0.2187 -0.277 0.9356 256.8653 331.2678 95.6882
top 226.6434 270.2736 33 326.974

frame 84
transform "01" 1 0 0 0 0.9998 0.0175 0 -0.0175 0.9998 226.6434 270.2736 33
transform "CONST01" -0.8278 0.556 -0.0747 -0.5039 -0.7954 -0.3368 -0.2466 -0.2412 0.9386 258.8959 329.1589 95.4218
top 226.6434 270.2736 33 326.974

frame 85
transform "01" 1 0 0 0 0.9998 0.0175 0 -0.0175 0.9998 226.6434 270.2736 33
transform "CONST01" -0.7359 0.6733 -0.0709 -0.6199 -0.7122 -0.3294 -0.2723 -0.1985 0.9415 260.8994 326.7878 95.1963
top 226.6434 270.2736 33 326.974

frame 86
transform "01" 1 0 0 0 0.9998 0.0175 0 -0.0175 0.9998 226.6434 270.2736 33
transform "CONST01" -0.6504 0.7563 -0.0709 -0.7014 -0.6338 -0.3262 -0.2916 -0.1625 0.9426 262.8458 324.1913 95.0033
top 226.6434 270.2736 33 326.974

frame 87
transform "01" 1 0 0 0 0.9998 0.0175 0 -0.0175 0.9998 226.6434 270.2736 33
transform "CONST01" -0.5851 0.8077 -0.0727 -0.7508 -0.5734 -0.328 -0.3066 -0.1374 0.9419 264.7058 321.4061 94.8344
top 226.6434 270.2736 33 326.974

frame 88
transform "01" 1 0 0 0 0.9998 0.0175 0 -0.0175 0.9998 226.6434 270.2736 33
transform "CONST01" -0.5265 0.8469 -0.0745 -0.7878 -0.519 -0.3318 -0.3197 -0.116 0.9404 266.4496 318.4691 94.681
top 226.6434 270.2736 33 326.974

frame 89
transform "01" 1 0 0 0 0.9998 0.0175 0 -0.0175 0.9998 226.6434 270.2736 33
transform "CONST01" -0.4718 0.8784 -0.0766 -0.8169 -0.4681 -0.337 -0.3319 -0.0964 0.9384 268.0476 315.417 94.5347
top 226.6434 270.2736 33 326.974

frame 90
transform "01" 1 0 0 0 0.9998 0.0175 0 -0.0175 0.9998 226.6434 270.2736 33
transform "CONST01" -0.4169 0.9055 -0.0792 -0.8415 -0.4174 -0.343 -0.3437 -0.0763 0.936 269.4702 312.2866 94.387
top 226.6434 270.2736 33 326.974

frame 91
transform "01" 1 0 0 0 0.9998 0.0175 0 -0.0175 0.9998 226.6434 270.2736 33
transform "CONST01" -0.3573 0.9303 -0.0826 -0.8639 -0.3628 -0.3494 -0.355 -0.0535 0.9333 270.6877 309.1147 94.2295
top 226.6434 270.2736 33 326.974

frame 92
transform "01" 1 0 0 0 0.9998 0.0175 0 -0.0175 0.9998 226.6434 270.2736 33
transform "CONST01" -0.2877 0.9538 -0.087 -0.8853 -0.2995 -0.3557 -0.3653 -0.0253 0.9306 271.6704 305.938 94.0536
top 226.6434 270.2736 33 326.974

frame 93
transform "01" 1 0 0 0 0.9998 0.0175 0 -0.0175 0.9998 226.6434 270.2736 33
transform "CONST01" -0.2028 0.9748 -0.0926 -0.9054 -0.2227 -0.3615 -0.373 0.0106 0.9278 272.3888 302.7935 93.851
top 226.6434 270.2736 33 326.974

frame 94
transform "01" 1 0 0 0 0.9998 0.0175 0 -0.0175 0.9998 226.6434 270.2736 33
transform "CONST01" -0.0788 0.9914 -0.1043 -0.9208 -0.1124 -0.3734 -0.3819 0.0666 0.9218 272.8132 299.7178 93.6132
top 226.6434 270.2736 33 326.974

frame 95
transform "01" 1 0 0 0 0.9998 0.0175 0 -0.0175 0.9998 226.6434 270.2736 33
transform "CONST01" 0.0846 0.9891 -0.1207 -0.9213 0.0315 -0.3876 -0.3795 0.144 0.9139 272.914 296.7477 93.3316
top 226.6434 270.2736 33 326.974

frame 96
transform "01" 1 0 0 0 0.9998 0.0175 0 -0.0175 0.9998 226.6434 270.2736 33
transform "CONST01" 0.2539 0.9573 -0.1382 -0.9034 0.1836 -0.3876 -0.3456 0.2233 0.9114 272.6615 293.9201 92.9979
top 226.6434 270.2736 33 326.974

frame 97
transform "01" 1 0 0 0 0.9998 0.0175 0 -0.0175 0.9998 226.6434 270.2736 33
transform "CONST01" 0.4286 0.8882 -0.1655 -0.8634 0.3487 -0.3646 -0.2662 0.2992 0.9163 271.9536 291.0327 92.6178
top 226.6434 270.2736 33 326.974

frame 98
transform "01" 1 0 0 0 0.9998 0.0175 0 -0.0175 0.9998 226.6434 270.2736 33
transform "CONST01" 0.5981 0.7747 -0.2053 -0.7869 0.5192 -0.3334 -0.1517 0.361 0.9202 270.745 287.9128 92.2041
top 226.6434 270.2736 33 326.974

frame 99
transform "01" 1 0 0 0 0.9998 0.0175 0 -0.0175 0.9998 226.6434 270.2736 33
transform "CONST01" 0.7255 0.6433 -0.2447 -0.6872 0.6579 -0.308 -0.0371 0.3916 0.9194 269.0917 284.6413 91.7583
top 226.6434 270.2736 33 326.974

frame 100
transform "01" 1 0 0 0 0.9998 0.0175 0 -0.0175 0.9998 226.6434 270.2736 33
transform "CONST01" 0.7981 0.5408 -0.2655 -0.6013 0.7421 -0.2961 0.037 0.396 0.9175 267.0496 281.2991 91.2821
top 226.6434 270.2736 33 326.974

frame 101
transform "01" 1 0 0 0 0.9998 0.0175 0 -0.0175 0.9998 226.6434 270.2736 33
transform "CONST01" 0.8368 0.4779 -0.2671 -0.5429 0.7873 -0.2924 0.0705 0.3897 0.9182 264.6745 277.9671 90.7771
top 226.6434 270.2736 33 326.974

frame 102
transform "01" 1 0 0 0 0.9998 0.0175 0 -0.0175 0.9998 226.6434 270.2736 33
transform "CONST01" 0.864 0.43 -0.2621 -0.4954 0.8192 -0.2889 0.0905 0.3794 0.9208 262.0224 274.7264 90.245
top 226.6434 270.2736 33 326.974

frame 103
transform "01" 1 0 0 0 0.9998 0.0175 0 -0.0175 0.9998 226.6434 270.2736 33
transform "CONST01" 0.8837 0.3943 -0.2521 -0.4573 0.8422 -0.2856 0.0997 0.3677 0.9246 259.1492 271.6578 89.6874
top 226.6434 270.2736 33 326.974

frame 104
transform "01" 1 0 0 0 0.9998 0.0175 0 -0.0175 0.9998 226.6434 270.2736 33
transform "CONST01" 0.8991 0.3671 -0.2386 -0.4259 0.8595 -0.2826 0.1013 0.3557 0.9291 256.1108 268.8423 89.106
top 226.6434 270.2736 33 326.974

frame 105
transform "01" 1 0 0 0 0.9998 0.0175 0 -0.0175 0.9998 226.6434 270.2736 33
transform "CONST01" 0.912 0.3442 -0.2231 -0.3982 0.8734 -0.2805 0.0983 0.3446 0.9336 252.9631 266.3608 88.5025
top 226.6434 270.2736 33 326.974

frame 106
transform "01" 1 0 0 0 0.9998 0.0175 0 -0.0175 0.9998 226.6434 270.2736 33
transform "CONST01" 0.924 0.3213 -0.2072 -0.3707 0.8857 -0.2794 0.0937 0.335 0.9375 249.7619 264.2943 87.8784
top 226.6434 270.2736 33 326.974

frame 107
transform "01" 1 0 0 0 0.9998 0.0175 0 -0.0175 0.9998 226.6434 270.2736 33
transform "CONST01" 0.9363 0.2939 -0.1924 -0.3395 0.898 -0.28 0.0905 0.3274 0.9405 246.5633 262.7236 87.2354
top 226.6434 270.2736 33 326.974

frame 108
transform "01" 1 0 0 0 0.9998 0.0175 0 -0.0175 0.9998 226.6434 270.2736 33
transform "CONST01" 0.9493 0.2574 -0.1804 -0.3007 0.911 -0.2824 0.0916 0.3223 0.9422 243.423 261.7297 86.5752
top 226.6434 270.2736 33 326.974

frame 109
transform "01" 1 0 0 0 0.9998 0.0175 0 -0.0175 0.9998 226.6434 270.2736 33
transform "CONST01" 0.9614 0.2174 -0.1689 -0.2591 0.9218 -0.2885 0.0929 0.3211 0.9425 240.0393 261.3712 85.8628
top 226.6434 270.2736 33 326.974

frame 110
transform "01" 1 0 0 0 0.9998 0.0175 0 -0.0175 0.9998 226.6434 270.2736 33
transform "CONST01" 0.9712 0.1805 -0.1554 -0.2203 0.9287 -0.2984 0.0905 0.324 0.9417 236.1635 261.6042 85.0745
top 226.6434 270.2736 33 326.974

frame 111
transform "01" 1 0 0 0 0.9998 0.0175 0 -0.0175 0.9998 226.6434 270.2736 33
transform "CONST01" 0.9796 0.1432 -0.141 -0.1811 0.9331 -0.3106 0.0871 0.3298 0.94 231.9314 262.3558 84.2288
top 226.6434 270.2736 33 326.974

frame 112
transform "01" 1 0 0 0 0.9998 0.0175 0 -0.0175 0.9998 226.6434 270.2736 33
transform "CONST01" 0.9867 0.1019 -0.1267 -0.1382 0.9361 -0.3234 0.0856 0.3366 0.9377 227.4788 263.5535 83.3443
top 226.6434 270.2736 33 326.974

frame 113
transform "01" 1 0 0 0 0.9998 0.0175 0 -0.0175 0.9998 226.6434 270.2736 33
transform "CONST01" 0.9921 0.0531 -0.1136 -0.0886 0.9379 -0.3353 0.0888 0.3427 0.9352 222.9412 265.1245 82.4396
top 226.6434 270.2736 33 326.974

frame 114
transform "01" 1 0 0 0 0.9998 0.0175 0 -0.0175 0.9998 226.6434 270.2736 33
transform "CONST01" 0.9947 -0.0072 -0.103 -0.0289 0.9383 -0.3447 0.0991 0.3458 0.933 218.4546 266.9959 81.5333
top 226.6434 270.2736 33 326.974

frame 115
transform "01" 1 0 0 0 0.9998 0.0175 0 -0.0175 0.9998 226.6434 270.2736 33
transform "CONST01" 0.9919 -0.0826 -0.0962 0.0439 0.9356 -0.3503 0.1189 0.3432 0.9317 214.1545 269.0951 80.6439
top 226.6434 270.2736 33 326.974

frame 116
transform "01" 1 0 0 0 0.9998 0.0175 0 -0.0175 0.9998 226.6434 270.2736 33
transform "CONST01" 0.975 -0.1988 -0.0996 0.1524 0.9235 -0.352 0.1619 0.328 0.9307 210.1768 271.3493 79.7902
top 226.6434 270.2736 33 326.974

frame 117
transform "01" 1 0 0 0 0.9998 0.0175 0 -0.0175 0.9998 226.6434 270.2736 33
transform "CONST01" 0.9289 -0.3523 -0.1136 0.294 0.8887 -0.3519 0.225 0.2935 0.9291 206.6572 273.6858 78.9905
top 226.6434 270.2736 33 326.974

frame 118
transform "01" 1 0 0 0 0.9998 0.0175 0 -0.0175 0.9998 226.6434 270.2736 33
transform "CONST01" 0.8546 -0.5025 -0.1311 0.434 0.8298 -0.3509 0.2851 0.243 0.9272 203.7313 276.0319 78.2635
top 226.6434 270.2736 33 326.974

frame 119
transform "01" 1 0 0 0 0.9998 0.0175 0 -0.0175 0.9998 226.6434 270.2736 33
transform "CONST01" 0.7743 -0.616 -0.1448 0.5433 0.7645 -0.3469 0.3244 0.19 0.9266 201.535 278.3147 77.6279
top 226.6434 270.2736 33 326.974

frame 120
transform "01" 1 0 0 0 0.9998 0.0175 0 -0.0175 0.9998 226.6434 270.2736 33
transform "CONST01" 0.695 -0.7017 -0.1566 0.6303 0.6994 -0.337 0.346 0.1355 0.9284 199.8824 280.708 77.0631
top 226.6434 270.2736 33 326.974

frame 121
transform "01" 1 0 0 0 0.9998 0.0175 0 -0.0175 0.9998 226.6434 270.2736 33
transform "CONST01" 0.6069 -0.7761 -0.1711 0.7096 0.6261 -0.3232 0.358 0.0747 0.9307 198.4847 283.3978 76.534
top 226.6434 270.2736 33 326.974

frame 122
transform "01" 1 0 0 0 0.9998 0.0175 0 -0.0175 0.9998 226.6434 270.2736 33
transform "CONST01" 0.5238 -0.8314 -0.1857 0.7723 0.5554 -0.3085 0.3596 0.0182 0.9329 197.3233 286.33 76.0368
top 226.6434 270.2736 33 326.974

frame 123
transform "01" 1 0 0 0 0.9998 0.0175 0 -0.0175 0.9998 226.6434 270.2736 33
transform "CONST01" 0.4618 -0.8649 -0.1965 0.8134 0.5013 -0.2951 0.3538 -0.0235 0.935 196.3793 289.4504 75.568
top 226.6434 270.2736 33 326.974

frame 124
transform "01" 1 0 0 0 0.9998 0.0175 0 -0.0175 0.9998 226.6434 270.2736 33
transform "CONST01" 0.4373 -0.877 -0.1992 0.8304 0.4788 -0.285 0.3453 -0.0408 0.9376 195.6341 292.7048 75.1238
top 226.6434 270.2736 33 326.974

frame 125
transform "01" 1 0 0 0 0.9998 0.0175 0 -0.0175 0.9998 226.6434 270.2736 33
transform "CONST01" 0.4371 -0.8777 -0.1963 0.8339 0.4773 -0.2772 0.337 -0.0425 0.9406 195.0688 296.039 74.7006
top 226.6434 270.2736 33 326.974

frame 126
transform "01" 1 0 0 0 0.9998 0.0175 0 -0.0175 0.9998 226.6434 270.2736 33
transform "CONST01" 0.4381 -0.878 -0.1929 0.8368 0.4767 -0.2693 0.3284 -0.0435 0.9435 194.6648 299.399 74.2946
top 226.6434 270.2736 33 326.974

frame 127
transform "01" 1 0 0 0 0.9998 0.0175 0 -0.0175 0.9998 226.6434 270.2736 33
transform "CONST01" 0.4402 -0.8777 -0.1893 0.839 0.4772 -0.2614 0.3198 -0.0437 0.9465 194.4032 302.7305 73.9023
top 226.6434 270.2736 33 326.974

frame 128
transform "01" 1 0 0 0 0.9998 0.0175 0 -0.0175 0.9998 226.6434 270.2736 33
transform "CONST01" 0.4433 -0.877 -0.1852 0.8407 0.4785 -0.2536 0.311 -0.0433 0.9494 194.2655 305.9794 73.5198
top 226.6434 270.2736 33 326.974

frame 129
transform "01" 1 0 0 0 0.9998 0.0175 0 -0.0175 0.9998 226.6434 270.2736 33
transform "CONST01" 0.4475 -0.8758 -0.1808 0.8417 0.4808 -0.2457 0.3022 -0.0423 0.9523 194.2327 309.0915 73.1436
top 226.6434 270.2736 33 326.974

frame 130
transform "01" 1 0 0 0 0.9998 0.0175 0 -0.0175 0.9998 226.6434 270.2736 33
transform "CONST01" 0.4525 -0.8742 -0.1761 0.8422 0.4839 -0.2379 0.2932 -0.0407 0.9552 194.2863 312.0126 72.77
top 226.6434 270.2736 33 326.974

frame 131
transform "01" 1 0 0 0 0.9998 0.0175 0 -0.0175 0.9998 226.6434 270.2736 33
transform "CONST01" 0.4585 -0.8721 -0.1711 0.8421 0.4878 -0.2301 0.2842 -0.0386 0.958 194.4074 314.6887 72.3953
top 226.6434 270.2736 33 326.974

frame 132
transform "01" 1 0 0 0 0.9998 0.0175 0 -0.0175 0.9998 226.6434 270.2736 33
transform "CONST01" 0.4652 -0.8696 -0.1657 0.8414 0.4925 -0.2224 0.275 -0.036 0.9608 194.5773 317.0654 72.0157
top 226.6434 270.2736 33 326.974

frame 133
transform "01" 1 0 0 0 0.9998 0.0175 0 -0.0175 0.9998 226.6434 270.2736 33
transform "CONST01" 0.4726 -0.8666 -0.1601 0.8402 0.4979 -0.2147 0.2658 -0.0331 0.9635 194.7772 319.0887 71.6277
top 226.6434 270.2736 33 326.974

frame 134
transform "01" 1 0 0 0 0.9998 0.0175 0 -0.0175 0.9998 226.6434 270.2736 33
transform "CONST01" 0.4807 -0.8632 -0.1542 0.8385 0.504 -0.207 0.2564 -0.0297 0.9661 194.9885 320.7044 71.2276
top 226.6434 270.2736 33 326.974

frame 135
transform "01" 1 0 0 0 0.9998 0.0175 0 -0.0175 0.9998 226.6434 270.2736 33
transform "CONST01" 0.4894 -0.8594 -0.1479 0.8363 0.5106 -0.1995 0.247 -0.0261 0.9687 195.1923 321.8584 70.8116
top 226.6434 270.2736 33 326.974

frame 136
transform "01" 1 0 0 0 0.9998 0.0175 0 -0.0175 0.9998 226.6434 270.2736 33
transform "CONST01" 0.4987 -0.8552 -0.1415 0.8336 0.5179 -0.192 0.2374 -0.0222 0.9711 195.4724 322.5156 70.3854
top 226.6434 270.2736 33 326.974

frame 137
transform "01" 1 0 0 0 0.9998 0.0175 0 -0.0175 0.9998 226.6434 270.2736 33
transform "CONST01" 0.5084 -0.8505 -0.1347 0.8305 0.5256 -0.1846 0.2278 -0.018 0.9735 195.9124 322.7112 69.9572
top 226.6434 270.2736 33 326.974

frame 138
transform "01" 1 0 0 0 0.9998 0.0175 0 -0.0175 0.9998 226.6434 270.2736 33
transform "CONST01" 0.5185 -0.8455 -0.1278 0.8268 0.5338 -0.1773 0.2181 -0.0137 0.9758 196.4933 322.4959 69.5276
top 226.6434 270.2736 33 326.974

frame 139
transform "01" 1 0 0 0 0.9998 0.0175 0 -0.0175 0.9998 226.6434 270.2736 33
transform "CONST01" 0.5289 -0.8401 -0.1206 0.8227 0.5424 -0.1701 0.2083 -0.0093 0.978 197.1961 321.9206 69.0971
top 226.6434 270.2736 33 326.974

frame 140
transform "01" 1 0 0 0 0.9998 0.0175 0 -0.0175 0.9998 226.6434 270.2736 33
transform "CONST01" 0.5396 -0.8343 -0.1133 0.8182 0.5513 -0.163 0.1984 -0.0048 0.9801 198.0018 321.0362 68.6662
top 226.6434 270.2736 33 326.974

frame 141
transform "01" 1 0 0 0 0.9998 0.0175 0 -0.0175 0.9998 226.6434 270.2736 33
transform "CONST01" 0.5505 -0.8281 -0.1058 0.8133 0.5606 -0.156 0.1885 -0.0002 0.9821 198.8915 319.8934 68.2354
top 226.6434 270.2736 33 326.974

frame 142
transform "01" 1 0 0 0 0.9998 0.0175 0 -0.0175 0.9998 226.6434 270.2736 33
transform "CONST01" 0.5615 -0.8216 -0.0982 0.808 0.57 -0.1491 0.1785 0.0044 0.9839 199.8462 318.5431 67.8053
top 226.6434 270.2736 33 326.974

frame 143
transform "01" 1 0 0 0 0.9998 0.0175 0 -0.0175 0.9998 226.6434 270.2736 33
transform "CONST01" 0.5727 -0.8148 -0.0904 0.8023 0.5797 -0.1424 0.1684 0.009 0.9857 200.8468 317.0361 67.3764
top 226.6434 270.2736 33 326.974

frame 144
transform "01" 1 0 0 0 0.9998 0.0175 0 -0.0175 0.9998 226.6434 270.2736 33
transform "CONST01" 0.5838 -0.8077 -0.0826 0.7963 0.5895 -0.1357 0.1583 0.0135 0.9873 201.8745 315.4232 66.9491
top 226.6434 270.2736 33 326.974

frame 145
transform "01" 1 0 0 0 0.9998 0.0175 0 -0.0175 0.9998 226.6434 270.2736 33
transform "CONST01" 0.5949 -0.8003 -0.0747 0.79 0.5993 -0.1292 0.1481 0.0179 0.9888 202.9102 313.7554 66.524
top 226.6434 270.2736 33 326.974

frame 146
transform "01" 1 0 0 0 0.9998 0.0175 0 -0.0175 0.9998 226.6434 270.2736 33
transform "CONST01" 0.606 -0.7927 -0.0667 0.7834 0.6092 -0.1227 0.1379 0.0221 0.9902 203.935 312.0834 66.1016
top 226.6434 270.2736 33 326.974

frame 147
transform "01" 1 0 0 0 0.9998 0.0175 0 -0.0175 0.9998 226.6434 270.2736 33
transform "CONST01" 0.6169 -0.7849 -0.0587 0.7766 0.6191 -0.1164 0.1277 0.0262 0.9915 204.9299 310.458 65.6824
top 226.6434 270.2736 33 326.974

frame 148
transform "01" 1 0 0 0 0.9998 0.0175 0 -0.0175 0.9998 226.6434 270.2736 33
transform "CONST01" 0.6276 -0.7769 -0.0508 0.7696 0.629 -0.1102 0.1176 0.0301 0.9926 205.8759 308.9301 65.267
top 226.6434 270.2736 33 326.974

frame 149
transform "01" 1 0 0 0 0.9998 0.0175 0 -0.0175 0.9998 226.6434 270.2736 33
transform "CONST01" 0.6381 -0.7688 -0.0429 0.7624 0.6387 -0.1041 0.1074 0.0337 0.9936 206.7541 307.5506 64.8558
top 226.6434 270.2736 33 326.974

frame 150
transform "01" 1 0 0 0 0.9998 0.0175 0 -0.0175 0.9998 226.6434 270.2736 33
transform "CONST01" 0.6483 -0.7606 -0.0351 0.7551 0.6482 -0.098 0.0973 0.0371 0.9946 207.5454 306.3701 64.4494
top 226.6434 270.2736 33 326.974

frame 151
transform "01" 1 0 0 0 0.9998 0.0175 0 -0.0175 0.9998 226.6434 270.2736 33
transform "CONST01" 0.6582 -0.7523 -0.0273 0.7477 0.6576 -0.092 0.0872 0.0401 0.9954 208.2852 305.2645 64.0553
top 226.6434 270.2736 33 326.974

frame 152
transform "01" 1 0 0 0 0.9998 0.0175 0 -0.0175 0.9998 226.6434 270.2736 33
transform "CONST01" 0.6678 -0.7441 -0.0198 0.7403 0.6667 -0.0861 0.0773 0.0429 0.9961 209.0169 304.0918 63.6778
top 226.6434 270.2736 33 326.974

frame 153
transform "01" 1 0 0 0 0.9998 0.0175 0 -0.0175 0.9998 226.6434 270.2736 33
transform "CONST01" 0.6769 -0.7359 -0.0123 0.733 0.6755 -0.0803 0.0674 0.0453 0.9967 209.7334 302.8768 63.3123
top 226.6434 270.2736 33 326.974

frame 154
transform "01" 1 0 0 0 0.9998 0.0175 0 -0.0175 0.9998 226.6434 270.2736 33
transform "CONST01" 0.6857 -0.7279 -0.0051 0.7256 0.6841 -0.0744 0.0577 0.0474 0.9972 210.4277 301.6441 62.9545
top 226.6434 270.2736 33 326.974

frame 155
transform "01" 1 0 0 0 0.9998 0.0175 0 -0.0175 0.9998 226.6434 270.2736 33
transform "CONST01" 0.694 -0.72 0.0019 0.7184 0.6922 -0.0686 0.0481 0.049 0.9976 211.0927 300.4185 62.5997
top 226.6434 270.2736 33 326.974

frame 156
transform "01" 1 0 0 0 0.9998 0.0175 0 -0.0175 0.9998 226.6434 270.2736 33
transform "CONST01" 0.7018 -0.7124 0.0087 0.7114 0.7 -0.0628 0.0386 0.0503 0.998 211.7213 299.2247 62.2436
top 226.6434 270.2736 33 326.974

frame 157
transform "01" 1 0 0 0 0.9998 0.0175 0 -0.0175 0.9998 226.6434 270.2736 33
transform "CONST01" 0.709 -0.705 0.0152 0.7045 0.7074 -0.0569 0.0294 0.0511 0.9983 212.3065 298.0873 61.8815
top 226.6434 270.2736 33 326.974

frame 158
transform "01" 1 0 0 0 0.9998 0.0175 0 -0.0175 0.9998 226.6434 270.2736 33
transform "CONST01" 0.7158 -0.698 0.0214 0.698 0.7143 -0.0511 0.0204 0.0515 0.9985 212.8413 297.0311 61.5091
top 226.6434 270.2736 33 326.974

frame 159
transform "01" 1 0 0 0 0.9998 0.0175 0 -0.0175 0.9998 226.6434 270.2736 33
transform "CONST01" 0.722 -0.6913 0.0272 0.6918 0.7207 -0.0451 0.0116 0.0514 0.9986 213.3185 296.0808 61.1218
top 226.6434 270.2736 33 326.974

frame 160
transform "01" 1 0 0 0 0.9998 0.0175 0 -0.0175 0.9998 226.6434 270.2736 33
transform "CONST01" 0.7276 -0.6852 0.0327 0.6859 0.7266 -0.0391 0.0031 0.0508 0.9987 213.7312 295.261 60.7151
top 226.6434 270.2736 33 326.974

frame 161
transform "01" 1 0 0 0 0.9998 0.0175 0 -0.0175 0.9998 226.6434 270.2736 33
transform "CONST01" 0.7316 -0.681 0.0305 0.6817 0.7309 -0.0319 -0.0005 0.0441 0.999 213.9746 294.7191 60.2723
top 226.6434 270.2736 33 326.974

frame 162
transform "01" 1 0 0 0 0.9998 0.0175 0 -0.0175 0.9998 226.6434 270.2736 33
transform "CONST01" 0.7334 -0.6796 0.0174 0.6798 0.733 -0.0233 0.0031 0.0289 0.9996 213.987 294.5272 59.787
top 226.6434 270.2736 33 326.974

frame 163
transform "01" 1 0 0 0 0.9998 0.0175 0 -0.0175 0.9998 226.6434 270.2736 33
transform "CONST01" 0.7337 -0.6795 -0.0004 0.6795 0.7336 -0.0146 0.0102 0.0104 0.9999 213.8263 294.5978 59.2696
top 226.6434 270.2736 33 326.974

frame 164
transform "01" 1 0 0 0 0.9998 0.0175 0 -0.0175 0.9998 226.6434 270.2736 33
transform "CONST01" 0.7331 -0.6799 -0.017 0.6799 0.7333 -0.007 0.0172 -0.0064 0.9998 213.5501 294.8436 58.7309
top 226.6434 270.2736 33 326.974

frame 165
transform "01" 1 0 0 0 0.9998 0.0175 0 -0.0175 0.9998 226.6434 270.2736 33
transform "CONST01" 0.7327 -0.6801 -0.0262 0.6803 0.733 -0.0018 0.0204 -0.0165 0.9997 213.2162 295.1768 58.1815
top 226.6434 270.2736 33 326.974

frame 166
transform "01" 1 0 0 0 0.9998 0.0175 0 -0.0175 0.9998 226.6434 270.2736 33
transform "CONST01" 0.7324 -0.6804 -0.0267 0.6807 0.7326 0.0002 0.0194 -0.0183 0.9996 213.2162 295.1768 58.1815
top 226.6434 270.2736 33 326.974

frame 167
transform "01" 1 0 0 0 0.9998 0.0175 0 -0.0175 0.9998 226.6434 270.2736 33
transform "CONST01" 0.7315 -0.6815 -0.0226 0.6816 0.7317 0.0001 0.0165 -0.0154 0.9997 213.2162 295.1768 58.1815
top 226.6434 270.2736 33 326.974

frame 168
transform "01" 1 0 0 0 0.9998 0.0175 0 -0.0175 0.9998 226.6434 270.2736 33
transform "CONST01" 0.7303 -0.6829 -0.0158 0.683 0.7305 -0.0014 0.0125 -0.0098 0.9999 213.2162 295.1768 58.1815
top 226.6434 270.2736 33 326.974

frame 169
transform "01" 1 0 0 0 0.9998 0.0175 0 -0.0175 0.9998 226.6434 270.2736 33
transform "CONST01" 0.7291 -0.6844 -0.0084 0.6844 0.7291 -0.0031 0.0082 -0.0034 1 213.2162 295.1768 58.1815
top 226.6434 270.2736 33 326.974

frame 170
transform "01" 1 0 0 0 0.9998 0.0175 0 -0.0175 0.9998 226.6434 270.2736 33
transform "CONST01" 0.7279 -0.6856 -0.0022 0.6856 0.7279 -0.0042 0.0045 0.0015 1 213.2162 295.1768 58.1815
top 226.6434 270.2736 33 326.974
