VERSION 201

frame 0
transform "01" 1 0 0 0 1 0 0 0 1 -29.5 171.5 12
transform "02" 1 0 0 0 1 0 0 0 1 74 182.5 12
transform "OBJ01" 1 0 0 0 1 0 0 0 1 -69.7656 201.1746 7
transform "kyles" 0.1399 0.0047 0.0007 -0.0047 0.1399 -0.0006 -0.0007 0.0006 0.14 -112.8482 136.2168 0.3099
top -112.5567 165.7542 145.5636 164.2689

frame 1
transform "01" 1 0 0 0 1 0 0 0 1 -29.5 171.5 12
transform "02" 1 0 0 0 1 0 0 0 1 74 182.5 12
transform "OBJ01" 1 0 0 0 1 0 0 0 1 -69.7656 201.1746 7
transform "kyles" -0.2469 0.0042 0.969 -0.0011 -1 0.0041 0.969 0 0.2469 -189.5771 172.548 293.2856
top -112.5567 165.7542 145.5636 164.2689

frame 2
transform "01" 1 0 0 0 1 0 0 0 1 -29.5 171.5 12
transform "02" 1 0 0 0 1 0 0 0 1 74 182.5 12
transform "OBJ01" 1 0 0 0 1 0 0 0 1 -69.7656 201.1746 7
transform "kyles" -0.3345 0.0015 0.9424 0.0012 -1 0.002 0.9424 0.0018 0.3345 -186.8892 172.561 284.6823
top -112.5567 165.7542 145.5636 164.2689

frame 3
transform "01" 1 0 0 0 1 0 0 0 1 -29.5 171.5 12
transform "02" 1 0 0 0 1 0 0 0 1 74 182.5 12
transform "OBJ01" 1 0 0 0 1 0 0 0 1 -69.7656 201.1746 7
transform "kyles" -0.4233 -0.0065 0.906 0.0081 -1 -0.0035 0.9059 0.0059 0.4233 -184.2279 172.5971 275.9477
top -112.5567 165.7542 145.5636 164.2689

frame 4
transform "01" 1 0 0 0 1 0 0 0 1 -29.5 171.5 12
transform "02" 1 0 0 0 1 0 0 0 1 74 182.5 12
transform "OBJ01" 1 0 0 0 1 0 0 0 1 -69.7656 201.1746 7
transform "kyles" -0.5112 -0.0191 0.8593 0.019 -0.9998 -0.0109 0.8593 0.0108 0.5114 -181.5979 172.6525 267.1144
top -112.5567 165.7542 145.5636 164.2689

frame 5
transform "01" 1 0 0 0 1 0 0 0 1 -29.5 171.5 12
transform "02" 1 0 0 0 1 0 0 0 1 74 182.5 12
transform "OBJ01" 1 0 0 0 1 0 0 0 1 -69.7656 201.1746 7
transform "kyles" -0.596 -0.0353 0.8022 0.0335 -0.9993 -0.019 0.8023 0.0156 0.5967 -179.0038 172.7228 258.2133
top -112.5567 165.7542 145.5636 164.2689

frame 6
transform "01" 1 0 0 0 1 0 0 0 1 -29.5 171.5 12
transform "02" 1 0 0 0 1 0 0 0 1 74 182.5 12
transform "OBJ01" 1 0 0 0 1 0 0 0 1 -69.7656 201.1746 7
transform "kyles" -0.6757 -0.0541 0.7352 0.0508 -0.9983 -0.0268 0.7354 0.0193 0.6773 -176.4493 172.8031 249.2733
top -112.5567 165.7542 145.5636 164.2689

frame 7
transform "01" 1 0 0 0 1 0 0 0 1 -29.5 171.5 12
transform "02" 1 0 0 0 1 0 0 0 1 74 182.5 12
transform "OBJ01" 1 0 0 0 1 0 0 0 1 -69.7656 201.1746 7
transform "kyles" -0.7484 -0.0745 0.6591 0.07 -0.997 -0.0332 0.6596 0.0213 0.7513 -173.937 172.8881 240.3217
top -112.5567 165.7542 145.5636 164.2689

frame 8
transform "01" 1 0 0 0 1 0 0 0 1 -29.5 171.5 12
transform "02" 1 0 0 0 1 0 0 0 1 74 182.5 12
transform "OBJ01" 1 0 0 0 1 0 0 0 1 -69.7656 201.1746 7
transform "kyles" -0.8124 -0.0951 0.5752 0.0899 -0.9952 -0.0377 0.5761 0.0211 0.8171 -171.4677 172.9724 231.3841
top -112.5567 165.7542 145.5636 164.2689

frame 9
transform "01" 1 0 0 0 1 0 0 0 1 -29.5 171.5 12
transform "02" 1 0 0 0 1 0 0 0 1 74 182.5 12
transform "OBJ01" 1 0 0 0 1 0 0 0 1 -69.7656 201.1746 7
transform "kyles" -0.8668 -0.1148 0.4853 0.1093 -0.9932 -0.0397 0.4865 0.0187 0.8735 -169.0404 173.0509 222.4851
top -112.5567 165.7542 145.5636 164.2689

frame 10
transform "01" 1 0 0 0 1 0 0 0 1 -29.5 171.5 12
transform "02" 1 0 0 0 1 0 0 0 1 74 182.5 12
transform "OBJ01" 1 0 0 0 1 0 0 0 1 -69.7656 201.1746 7
transform "kyles" -0.9108 -0.1323 0.3911 0.1271 -0.9911 -0.0391 0.3928 0.0141 0.9195 -166.6517 173.1185 213.6485
top -112.5567 165.7542 145.5636 164.2689

frame 11
transform "01" 1 0 0 0 1 0 0 0 1 -29.5 171.5 12
transform "02" 1 0 0 0 1 0 0 0 1 74 182.5 12
transform "OBJ01" 1 0 0 0 1 0 0 0 1 -69.7656 201.1746 7
transform "kyles" -0.9442 -0.1464 0.2949 0.1421 -0.9892 -0.0361 0.297 0.0078 0.9548 -164.2959 173.1711 204.8978
top -112.5567 165.7542 145.5636 164.2689

frame 12
transform "01" 1 0 0 0 1 0 0 0 1 -29.5 171.5 12
transform "02" 1 0 0 0 1 0 0 0 1 74 182.5 12
transform "OBJ01" 1 0 0 0 1 0 0 0 1 -69.7656 201.1746 7
transform "kyles" -0.9675 -0.1561 0.1988 0.153 -0.9877 -0.031 0.2012 0.0004 0.9796 -161.9654 173.2048 196.2571
top -112.5567 165.7542 145.5636 164.2689

frame 13
transform "01" 1 0 0 0 1 0 0 0 1 -29.5 171.5 12
transform "02" 1 0 0 0 1 0 0 0 1 74 182.5 12
transform "OBJ01" 1 0 0 0 1 0 0 0 1 -69.7656 201.1746 7
transform "kyles" -0.9814 -0.1606 0.1047 0.1589 -0.987 -0.0244 0.1073 -0.0073 0.9942 -159.6509 173.2168 187.7511
top -112.5567 165.7542 145.5636 164.2689

frame 14
transform "01" 1 0 0 0 1 0 0 0 1 -29.5 171.5 12
transform "02" 1 0 0 0 1 0 0 0 1 74 182.5 12
transform "OBJ01" 1 0 0 0 1 0 0 0 1 -69.7656 201.1746 7
transform "kyles" -0.9872 -0.159 0.0147 0.1588 -0.9872 -0.017 0.0172 -0.0144 0.9997 -157.3415 173.2048 179.4055
top -112.5567 165.7542 145.5636 164.2689

frame 15
transform "01" 1 0 0 0 1 0 0 0 1 -29.5 171.5 12
transform "02" 1 0 0 0 1 0 0 0 1 74 182.5 12
transform "OBJ01" 1 0 0 0 1 0 0 0 1 -69.7656 201.1746 7
transform "kyles" -0.9861 -0.1509 -0.0696 0.1519 -0.9883 -0.0095 -0.0674 -0.0199 0.9975 -155.0257 173.1673 171.2474
top -112.5567 165.7542 145.5636 164.2689

frame 16
transform "01" 1 0 0 0 1 0 0 0 1 -29.5 171.5 12
transform "02" 1 0 0 0 1 0 0 0 1 74 182.5 12
transform "OBJ01" 1 0 0 0 1 0 0 0 1 -69.7656 201.1746 7
transform "kyles" -0.9798 -0.1358 -0.1469 0.1377 -0.9905 -0.0028 -0.1451 -0.0229 0.9892 -152.6916 173.1033 163.3049
top -112.5567 165.7542 145.5636 164.2689

frame 17
transform "01" 1 0 0 0 1 0 0 0 1 -29.5 171.5 12
transform "02" 1 0 0 0 1 0 0 0 1 74 182.5 12
transform "OBJ01" 1 0 0 0 1 0 0 0 1 -69.7656 201.1746 7
transform "kyles" -0.9698 -0.1133 -0.2158 0.1155 -0.9933 0.0025 -0.2146 -0.0225 0.9764 -150.3274 173.0121 155.6073
top -112.5567 165.7542 145.5636 164.2689

frame 18
transform "01" 1 0 0 0 1 0 0 0 1 -29.5 171.5 12
transform "02" 1 0 0 0 1 0 0 0 1 74 182.5 12
transform "OBJ01" 1 0 0 0 1 0 0 0 1 -69.7656 201.1746 7
transform "kyles" -0.9577 -0.0834 -0.2754 0.0851 -0.9964 0.0055 -0.2749 -0.0181 0.9613 -147.9217 172.8932 148.1847
top -112.5567 165.7542 145.5636 164.2689

frame 19
transform "01" 1 0 0 0 1 0 0 0 1 -29.5 171.5 12
transform "02" 1 0 0 0 1 0 0 0 1 74 182.5 12
transform "OBJ01" 1 0 0 0 1 0 0 0 1 -69.7656 201.1746 7
transform "kyles" -0.9447 -0.0458 -0.3248 0.0463 -0.9989 0.0061 -0.3248 -0.0093 0.9458 -145.4642 172.7463 141.0676
top -112.5567 165.7542 145.5636 164.2689

frame 20
transform "01" 1 0 0 0 1 0 0 0 1 -29.5 171.5 12
transform "02" 1 0 0 0 1 0 0 0 1 74 182.5 12
transform "OBJ01" 1 0 0 0 1 0 0 0 1 -69.7656 201.1746 7
transform "kyles" -0.9317 -0.0005 -0.3632 -0.0011 -1 0.0041 -0.3632 0.0042 0.9317 -142.9458 172.5708 134.2868
top -112.5567 165.7542 145.5636 164.2689

frame 21
transform "01" 1 0 0 0 1 0 0 0 1 -29.5 171.5 12
transform "02" 1 0 0 0 1 0 0 0 1 74 182.5 12
transform "OBJ01" 1 0 0 0 1 0 0 0 1 -69.7656 201.1746 7
transform "kyles" -0.9184 0.056 -0.3917 -0.0609 -0.9981 0.0002 -0.3909 0.024 0.9201 -140.338 172.3557 127.7343
top -112.5567 165.7542 145.5636 164.2689

frame 22
transform "01" 1 0 0 0 1 0 0 0 1 -29.5 171.5 12
transform "02" 1 0 0 0 1 0 0 0 1 74 182.5 12
transform "OBJ01" 1 0 0 0 1 0 0 0 1 -69.7656 201.1746 7
transform "kyles" -0.9025 0.1257 -0.412 -0.1356 -0.9907 -0.0051 -0.4088 0.0513 0.9112 -137.6318 172.0949 121.2881
top -112.5567 165.7542 145.5636 164.2689

frame 23
transform "01" 1 0 0 0 1 0 0 0 1 -29.5 171.5 12
transform "02" 1 0 0 0 1 0 0 0 1 74 182.5 12
transform "OBJ01" 1 0 0 0 1 0 0 0 1 -69.7656 201.1746 7
transform "kyles" -0.8818 0.2061 -0.4242 -0.2224 -0.9749 -0.0114 -0.4159 0.0843 0.9055 -134.849 171.7951 114.9572
top -112.5567 165.7542 145.5636 164.2689

frame 24
transform "01" 1 0 0 0 1 0 0 0 1 -29.5 171.5 12
transform "02" 1 0 0 0 1 0 0 0 1 74 182.5 12
transform "OBJ01" 1 0 0 0 1 0 0 0 1 -69.7656 201.1746 7
transform "kyles" -0.8541 0.2947 -0.4285 -0.3181 -0.9479 -0.0179 -0.4114 0.1211 0.9034 -132.0119 171.464 108.7512
top -112.5567 165.7542 145.5636 164.2689

frame 25
transform "01" 1 0 0 0 1 0 0 0 1 -29.5 171.5 12
transform "02" 1 0 0 0 1 0 0 0 1 74 182.5 12
transform "OBJ01" 1 0 0 0 1 0 0 0 1 -69.7656 201.1746 7
transform "kyles" -0.8174 0.3886 -0.4252 -0.4193 -0.9076 -0.0235 -0.3951 0.1591 0.9048 -129.1429 171.1098 102.6799
top -112.5567 165.7542 145.5636 164.2689

frame 26
transform "01" 1 0 0 0 1 0 0 0 1 -29.5 171.5 12
transform "02" 1 0 0 0 1 0 0 0 1 74 182.5 12
transform "OBJ01" 1 0 0 0 1 0 0 0 1 -69.7656 201.1746 7
transform "kyles" -0.77 0.4846 -0.4151 -0.522 -0.8525 -0.0272 -0.3671 0.1957 0.9094 -126.2629 170.7424 96.7536
top -112.5567 165.7542 145.5636 164.2689

frame 27
transform "01" 1 0 0 0 1 0 0 0 1 -29.5 171.5 12
transform "02" 1 0 0 0 1 0 0 0 1 74 182.5 12
transform "OBJ01" 1 0 0 0 1 0 0 0 1 -69.7656 201.1746 7
transform "kyles" -0.7108 0.5795 -0.3988 -0.6222 -0.7824 -0.0279 -0.3282 0.2283 0.9166 -123.3911 170.3725 90.9837
top -112.5567 165.7542 145.5636 164.2689

frame 28
transform "01" 1 0 0 0 1 0 0 0 1 -29.5 171.5 12
transform "02" 1 0 0 0 1 0 0 0 1 74 182.5 12
transform "OBJ01" 1 0 0 0 1 0 0 0 1 -69.7656 201.1746 7
transform "kyles" -0.6396 0.6697 -0.3775 -0.716 -0.6977 -0.0247 -0.2799 0.2545 0.9257 -120.5434 170.0115 85.3819
top -112.5567 165.7542 145.5636 164.2689

frame 29
transform "01" 1 0 0 0 1 0 0 0 1 -29.5 171.5 12
transform "02" 1 0 0 0 1 0 0 0 1 74 182.5 12
transform "OBJ01" 1 0 0 0 1 0 0 0 1 -69.7656 201.1746 7
transform "kyles" -0.557 0.7521 -0.3523 -0.7997 -0.6001 -0.0169 -0.2241 0.2723 0.9358 -117.7332 169.6709 79.961
top -112.5567 165.7542 145.5636 164.2689

frame 30
transform "01" 1 0 0 0 1 0 0 0 1 -29.5 171.5 12
transform "02" 1 0 0 0 1 0 0 0 1 74 182.5 12
transform "OBJ01" 1 0 0 0 1 0 0 0 1 -69.7656 201.1746 7
transform "kyles" -0.4645 0.824 -0.3245 -0.8704 -0.4924 -0.0042 -0.1633 0.2805 0.9459 -114.9699 169.3612 74.7343
top -112.5567 165.7542 145.5636 164.2689

frame 31
transform "01" 1 0 0 0 1 0 0 0 1 -29.5 171.5 12
transform "02" 1 0 0 0 1 0 0 0 1 74 182.5 12
transform "OBJ01" 1 0 0 0 1 0 0 0 1 -69.7656 201.1746 7
transform "kyles" -0.3644 0.8831 -0.2956 -0.9258 -0.3777 0.013 -0.1002 0.2784 0.9552 -112.2601 169.091 69.7155
top -112.5567 165.7542 145.5636 164.2689

frame 32
transform "01" 1 0 0 0 1 0 0 0 1 -29.5 171.5 12
transform "02" 1 0 0 0 1 0 0 0 1 74 182.5 12
transform "OBJ01" 1 0 0 0 1 0 0 0 1 -69.7656 201.1746 7
transform "kyles" -0.2595 0.9282 -0.2668 -0.965 -0.26 0.0342 -0.0376 0.2663 0.9631 -109.6074 168.8665 64.918
top -112.5567 165.7542 145.5636 164.2689

frame 33
transform "01" 1 0 0 0 1 0 0 0 1 -29.5 171.5 12
transform "02" 1 0 0 0 1 0 0 0 1 74 182.5 12
transform "OBJ01" 1 0 0 0 1 0 0 0 1 -69.7656 201.1746 7
transform "kyles" -0.153 0.9588 -0.2393 -0.988 -0.143 0.0583 0.0217 0.2454 0.9692 -107.0137 168.6904 60.3554
top -112.5567 165.7542 145.5636 164.2689

frame 34
transform "01" 1 0 0 0 1 0 0 0 1 -29.5 171.5 12
transform "02" 1 0 0 0 1 0 0 0 1 74 182.5 12
transform "OBJ01" 1 0 0 0 1 0 0 0 1 -69.7656 201.1746 7
transform "kyles" -0.0481 0.9756 -0.2141 -0.996 -0.0306 0.0841 0.0755 0.2172 0.9732 -104.4797 168.5623 56.0404
top -112.5567 165.7542 145.5636 164.2689

frame 35
transform "01" 1 0 0 0 1 0 0 0 1 -29.5 171.5 12
transform "02" 1 0 0 0 1 0 0 0 1 74 182.5 12
transform "OBJ01" 1 0 0 0 1 0 0 0 1 -69.7656 201.1746 7
transform "kyles" 0.052 0.9801 -0.1917 -0.9912 0.0741 0.11 0.122 0.1843 0.9753 -102.0062 168.4782 51.9848
top -112.5567 165.7542 145.5636 164.2689

frame 36
transform "01" 1 0 0 0 1 0 0 0 1 -29.5 171.5 12
transform "02" 1 0 0 0 1 0 0 0 1 74 182.5 12
transform "OBJ01" 1 0 0 0 1 0 0 0 1 -69.7656 201.1746 7
transform "kyles" 0.1445 0.9743 -0.1726 -0.9765 0.1686 0.1342 0.1598 0.1492 0.9758 -99.5947 168.4312 48.1997
top -112.5567 165.7542 145.5636 164.2689

frame 37
transform "01" 1 0 0 0 1 0 0 0 1 -29.5 171.5 12
transform "02" 1 0 0 0 1 0 0 0 1 74 182.5 12
transform "OBJ01" 1 0 0 0 1 0 0 0 1 -69.7656 201.1746 7
transform "kyles" 0.2272 0.9611 -0.157 -0.9554 0.2512 0.155 0.1884 0.1148 0.9754 -97.2479 168.4122 44.6953
top -112.5567 165.7542 145.5636 164.2689

frame 38
transform "01" 1 0 0 0 1 0 0 0 1 -29.5 171.5 12
transform "02" 1 0 0 0 1 0 0 0 1 74 182.5 12
transform "OBJ01" 1 0 0 0 1 0 0 0 1 -69.7656 201.1746 7
transform "kyles" 0.2982 0.9435 -0.1447 -0.9316 0.3207 0.1709 0.2076 0.0838 0.9746 -94.9705 168.4106 41.481
top -112.5567 165.7542 145.5636 164.2689

frame 39
transform "01" 1 0 0 0 1 0 0 0 1 -29.5 171.5 12
transform "02" 1 0 0 0 1 0 0 0 1 74 182.5 12
transform "OBJ01" 1 0 0 0 1 0 0 0 1 -69.7656 201.1746 7
transform "kyles" 0.3564 0.9245 -0.1356 -0.9087 0.3767 0.1801 0.2176 0.0591 0.9743 -92.7688 168.4152 38.5658
top -112.5567 165.7542 145.5636 164.2689

frame 40
transform "01" 1 0 0 0 1 0 0 0 1 -29.5 171.5 12
transform "02" 1 0 0 0 1 0 0 0 1 74 182.5 12
transform "OBJ01" 1 0 0 0 1 0 0 0 1 -69.7656 201.1746 7
transform "kyles" 0.4007 0.907 -0.1297 -0.8897 0.419 0.1812 0.2187 0.0428 0.9749 -90.6504 168.4151 35.9589
top -112.5567 165.7542 145.5636 164.2689

frame 41
transform "01" 1 0 0 0 1 0 0 0 1 -29.5 171.5 12
transform "02" 1 0 0 0 1 0 0 0 1 74 182.5 12
transform "OBJ01" 1 0 0 0 1 0 0 0 1 -69.7656 201.1746 7
transform "kyles" 0.4326 0.893 -0.1244 -0.8764 0.4489 0.1744 0.2115 0.0336 0.9768 -88.5453 168.3941 33.7385
top -112.5567 165.7542 145.5636 164.2689

frame 42
transform "01" 1 0 0 0 1 0 0 0 1 -29.5 171.5 12
transform "02" 1 0 0 0 1 0 0 0 1 74 182.5 12
transform "OBJ01" 1 0 0 0 1 0 0 0 1 -69.7656 201.1746 7
transform "kyles" 0.4547 0.8829 -0.1173 -0.8685 0.4688 0.1612 0.1973 0.0285 0.9799 -86.3889 168.3425 31.9533
top -112.5567 165.7542 145.5636 164.2689

frame 43
transform "01" 1 0 0 0 1 0 0 0 1 -29.5 171.5 12
transform "02" 1 0 0 0 1 0 0 0 1 74 182.5 12
transform "OBJ01" 1 0 0 0 1 0 0 0 1 -69.7656 201.1746 7
transform "kyles" 0.468 0.8771 -0.1085 -0.8658 0.4796 0.1425 0.177 0.0273 0.9838 -84.1975 168.261 30.5686
top -112.5567 165.7542 145.5636 164.2689

frame 44
transform "01" 1 0 0 0 1 0 0 0 1 -29.5 171.5 12
transform "02" 1 0 0 0 1 0 0 0 1 74 182.5 12
transform "OBJ01" 1 0 0 0 1 0 0 0 1 -69.7656 201.1746 7
transform "kyles" 0.4731 0.8755 -0.0985 -0.8679 0.4823 0.1189 0.1516 0.0293 0.988 -81.9874 168.1518 29.5507
top -112.5567 165.7542 145.5636 164.2689

frame 45
transform "01" 1 0 0 0 1 0 0 0 1 -29.5 171.5 12
transform "02" 1 0 0 0 1 0 0 0 1 74 182.5 12
transform "OBJ01" 1 0 0 0 1 0 0 0 1 -69.7656 201.1746 7
transform "kyles" 0.4707 0.8779 -0.0877 -0.8739 0.4776 0.091 0.1217 0.0338 0.992 -79.7744 168.018 28.8663
top -112.5567 165.7542 145.5636 164.2689

frame 46
transform "01" 1 0 0 0 1 0 0 0 1 -29.5 171.5 12
transform "02" 1 0 0 0 1 0 0 0 1 74 182.5 12
transform "OBJ01" 1 0 0 0 1 0 0 0 1 -69.7656 201.1746 7
transform "kyles" 0.4614 0.8839 -0.0765 -0.8828 0.466 0.0595 0.0882 0.0401 0.9953 -77.5743 167.8637 28.4823
top -112.5567 165.7542 145.5636 164.2689

frame 47
transform "01" 1 0 0 0 1 0 0 0 1 -29.5 171.5 12
transform "02" 1 0 0 0 1 0 0 0 1 74 182.5 12
transform "OBJ01" 1 0 0 0 1 0 0 0 1 -69.7656 201.1746 7
transform "kyles" 0.4459 0.8927 -0.0655 -0.8936 0.4482 0.025 0.0517 0.0474 0.9975 -75.4029 167.6933 28.3656
top -112.5567 165.7542 145.5636 164.2689

frame 48
transform "01" 1 0 0 0 1 0 0 0 1 -29.5 171.5 12
transform "02" 1 0 0 0 1 0 0 0 1 74 182.5 12
transform "OBJ01" 1 0 0 0 1 0 0 0 1 -69.7656 201.1746 7
transform "kyles" 0.4247 0.9037 -0.0552 -0.9053 0.4247 -0.0116 0.0129 0.0549 0.9984 -73.2758 167.512 28.4832
top -112.5567 165.7542 145.5636 164.2689

frame 49
transform "01" 1 0 0 0 1 0 0 0 1 -29.5 171.5 12
transform "02" 1 0 0 0 1 0 0 0 1 74 182.5 12
transform "OBJ01" 1 0 0 0 1 0 0 0 1 -69.7656 201.1746 7
transform "kyles" 0.3985 0.916 -0.0461 -0.9168 0.3963 -0.0497 -0.0273 0.0621 0.9977 -71.2093 167.3249 28.8019
top -112.5567 165.7542 145.5636 164.2689

frame 50
transform "01" 1 0 0 0 1 0 0 0 1 -29.5 171.5 12
transform "02" 1 0 0 0 1 0 0 0 1 74 182.5 12
transform "OBJ01" 1 0 0 0 1 0 0 0 1 -69.7656 201.1746 7
transform "kyles" 0.3681 0.929 -0.0384 -0.9273 0.3637 -0.0885 -0.0682 0.0682 0.9953 -69.2195 167.1371 29.2882
top -112.5567 165.7542 145.5636 164.2689

frame 51
transform "01" 1 0 0 0 1 0 0 0 1 -29.5 171.5 12
transform "02" 1 0 0 0 1 0 0 0 1 74 182.5 12
transform "OBJ01" 1 0 0 0 1 0 0 0 1 -69.7656 201.1746 7
transform "kyles" 0.3342 0.9419 -0.0325 -0.9362 0.3278 -0.127 -0.109 0.0729 0.9914 -67.3229 166.9538 29.9081
top -112.5567 165.7542 145.5636 164.2689

frame 52
transform "01" 1 0 0 0 1 0 0 0 1 -29.5 171.5 12
transform "02" 1 0 0 0 1 0 0 0 1 74 182.5 12
transform "OBJ01" 1 0 0 0 1 0 0 0 1 -69.7656 201.1746 7
transform "kyles" 0.298 0.9542 -0.0284 -0.9429 0.2896 -0.1644 -0.1487 0.0758 0.986 -65.5364 166.7797 30.6274
top -112.5567 165.7542 145.5636 164.2689

frame 53
transform "01" 1 0 0 0 1 0 0 0 1 -29.5 171.5 12
transform "02" 1 0 0 0 1 0 0 0 1 74 182.5 12
transform "OBJ01" 1 0 0 0 1 0 0 0 1 -69.7656 201.1746 7
transform "kyles" 0.2602 0.9652 -0.026 -0.9474 0.25 -0.1999 -0.1864 0.0767 0.9795 -63.877 166.6193 31.4111
top -112.5567 165.7542 145.5636 164.2689

frame 54
transform "01" 1 0 0 0 1 0 0 0 1 -29.5 171.5 12
transform "02" 1 0 0 0 1 0 0 0 1 74 182.5 12
transform "OBJ01" 1 0 0 0 1 0 0 0 1 -69.7656 201.1746 7
transform "kyles" 0.222 0.9747 -0.0253 -0.9496 0.2103 -0.2326 -0.2214 0.0757 0.9722 -62.3617 166.4763 32.224
top -112.5567 165.7542 145.5636 164.2689

frame 55
transform "01" 1 0 0 0 1 0 0 0 1 -29.5 171.5 12
transform "02" 1 0 0 0 1 0 0 0 1 74 182.5 12
transform "OBJ01" 1 0 0 0 1 0 0 0 1 -69.7656 201.1746 7
transform "kyles" 0.1845 0.9825 -0.0258 -0.9498 0.1715 -0.2618 -0.2528 0.0728 0.9648 -61.0079 166.3542 33.0302
top -112.5567 165.7542 145.5636 164.2689

frame 56
transform "01" 1 0 0 0 1 0 0 0 1 -29.5 171.5 12
transform "02" 1 0 0 0 1 0 0 0 1 74 182.5 12
transform "OBJ01" 1 0 0 0 1 0 0 0 1 -69.7656 201.1746 7
transform "kyles" 0.1487 0.9885 -0.0272 -0.9485 0.1348 -0.2868 -0.2798 0.0684 0.9576 -59.8326 166.2557 33.7936
top -112.5567 165.7542 145.5636 164.2689

frame 57
transform "01" 1 0 0 0 1 0 0 0 1 -29.5 171.5 12
transform "02" 1 0 0 0 1 0 0 0 1 74 182.5 12
transform "OBJ01" 1 0 0 0 1 0 0 0 1 -69.7656 201.1746 7
transform "kyles" 0.1157 0.9929 -0.0288 -0.9463 0.1013 -0.3069 -0.3018 0.0628 0.9513 -58.8531 166.1831 34.4775
top -112.5567 165.7542 145.5636 164.2689

frame 58
transform "01" 1 0 0 0 1 0 0 0 1 -29.5 171.5 12
transform "02" 1 0 0 0 1 0 0 0 1 74 182.5 12
transform "OBJ01" 1 0 0 0 1 0 0 0 1 -69.7656 201.1746 7
transform "kyles" 0.0865 0.9958 -0.0302 -0.9441 0.0722 -0.3216 -0.3181 0.0563 0.9464 -58.0865 166.1382 35.0453
top -112.5567 165.7542 145.5636 164.2689

frame 59
transform "01" 1 0 0 0 1 0 0 0 1 -29.5 171.5 12
transform "02" 1 0 0 0 1 0 0 0 1 74 182.5 12
transform "OBJ01" 1 0 0 0 1 0 0 0 1 -69.7656 201.1746 7
transform "kyles" 0.0621 0.9976 -0.0308 -0.9426 0.0485 -0.3303 -0.328 0.0495 0.9434 -57.5497 166.1227 35.4602
top -112.5567 165.7542 145.5636 164.2689

frame 60
transform "01" 1 0 0 0 1 0 0 0 1 -29.5 171.5 12
transform "02" 1 0 0 0 1 0 0 0 1 74 182.5 12
transform "OBJ01" 1 0 0 0 1 0 0 0 1 -69.7656 201.1746 7
transform "kyles" 0.0437 0.9986 -0.03 -0.9426 0.0313 -0.3325 -0.3311 0.0428 0.9426 -57.2599 166.1379 35.6853
top -112.5567 165.7542 145.5636 164.2689

frame 61
transform "01" 1 0 0 0 1 0 0 0 1 -29.5 171.5 12
transform "02" 1 0 0 0 1 0 0 0 1 74 182.5 12
transform "OBJ01" 1 0 0 0 1 0 0 0 1 -69.7656 201.1746 7
transform "kyles" 0.0285 0.9992 -0.0282 -0.9437 0.0176 -0.3303 -0.3295 0.036 0.9435 -57.1716 166.2015 35.909
top -112.5567 165.7542 145.5636 164.2689

frame 62
transform "01" 1 0 0 0 1 0 0 0 1 -29.5 171.5 12
transform "02" 1 0 0 0 1 0 0 0 1 74 182.5 12
transform "OBJ01" 1 0 0 0 1 0 0 0 1 -69.7656 201.1746 7
transform "kyles" 0.0133 0.9996 -0.0261 -0.9453 0.0041 -0.3261 -0.3259 0.0291 0.945 -57.2049 166.315 36.2791
top -112.5567 165.7542 145.5636 164.2689

frame 63
transform "01" 1 0 0 0 1 0 0 0 1 -29.5 171.5 12
transform "02" 1 0 0 0 1 0 0 0 1 74 182.5 12
transform "OBJ01" 1 0 0 0 1 0 0 0 1 -69.7656 201.1746 7
transform "kyles" -0.0018 0.9997 -0.0238 -0.9473 -0.0094 -0.3201 -0.3203 0.022 0.9471 -57.3255 166.455 36.6988
top -112.5567 165.7542 145.5636 164.2689

frame 64
transform "01" 1 0 0 0 1 0 0 0 1 -29.5 171.5 12
transform "02" 1 0 0 0 1 0 0 0 1 74 182.5 12
transform "OBJ01" 1 0 0 0 1 0 0 0 1 -69.7656 201.1746 7
transform "kyles" -0.017 0.9996 -0.0213 -0.9497 -0.0228 -0.3124 -0.3128 0.0149 0.9497 -57.4988 166.5983 37.0712
top -112.5567 165.7542 145.5636 164.2689

frame 65
transform "01" 1 0 0 0 1 0 0 0 1 -29.5 171.5 12
transform "02" 1 0 0 0 1 0 0 0 1 74 182.5 12
transform "OBJ01" 1 0 0 0 1 0 0 0 1 -69.7656 201.1746 7
transform "kyles" -0.032 0.9993 -0.0184 -0.9523 -0.0361 -0.303 -0.3035 0.0078 0.9528 -57.6906 166.7215 37.2995
top -112.5567 165.7542 145.5636 164.2689

frame 66
transform "01" 1 0 0 0 1 0 0 0 1 -29.5 171.5 12
transform "02" 1 0 0 0 1 0 0 0 1 74 182.5 12
transform "OBJ01" 1 0 0 0 1 0 0 0 1 -69.7656 201.1746 7
transform "kyles" -0.047 0.9988 -0.0151 -0.9551 -0.0493 -0.2921 -0.2925 0.0007 0.9563 -57.9005 166.8382 37.4165
top -112.5567 165.7542 145.5636 164.2689

frame 67
transform "01" 1 0 0 0 1 0 0 0 1 -29.5 171.5 12
transform "02" 1 0 0 0 1 0 0 0 1 74 182.5 12
transform "OBJ01" 1 0 0 0 1 0 0 0 1 -69.7656 201.1746 7
transform "kyles" -0.0618 0.998 -0.0115 -0.958 -0.0625 -0.2798 -0.2799 -0.0062 0.96 -58.1445 166.969 37.5105
top -112.5567 165.7542 145.5636 164.2689

frame 68
transform "01" 1 0 0 0 1 0 0 0 1 -29.5 171.5 12
transform "02" 1 0 0 0 1 0 0 0 1 74 182.5 12
transform "OBJ01" 1 0 0 0 1 0 0 0 1 -69.7656 201.1746 7
transform "kyles" -0.0764 0.997 -0.0076 -0.961 -0.0757 -0.266 -0.2658 -0.0131 0.9639 -58.4131 167.1021 37.5674
top -112.5567 165.7542 145.5636 164.2689

frame 69
transform "01" 1 0 0 0 1 0 0 0 1 -29.5 171.5 12
transform "02" 1 0 0 0 1 0 0 0 1 74 182.5 12
transform "OBJ01" 1 0 0 0 1 0 0 0 1 -69.7656 201.1746 7
transform "kyles" -0.0909 0.9959 -0.0032 -0.9639 -0.0887 -0.251 -0.2503 -0.0197 0.968 -58.6967 167.2254 37.5732
top -112.5567 165.7542 145.5636 164.2689

frame 70
transform "01" 1 0 0 0 1 0 0 0 1 -29.5 171.5 12
transform "02" 1 0 0 0 1 0 0 0 1 74 182.5 12
transform "OBJ01" 1 0 0 0 1 0 0 0 1 -69.7656 201.1746 7
transform "kyles" -0.1051 0.9945 0.0015 -0.9667 -0.1018 -0.2349 -0.2334 -0.0262 0.972 -58.9855 167.327 37.514
top -112.5567 165.7542 145.5636 164.2689

frame 71
transform "01" 1 0 0 0 1 0 0 0 1 -29.5 171.5 12
transform "02" 1 0 0 0 1 0 0 0 1 74 182.5 12
transform "OBJ01" 1 0 0 0 1 0 0 0 1 -69.7656 201.1746 7
transform "kyles" -0.119 0.9929 0.0067 -0.9693 -0.1147 -0.2176 -0.2153 -0.0324 0.976 -59.2699 167.3949 37.3758
top -112.5567 165.7542 145.5636 164.2689

frame 72
transform "01" 1 0 0 0 1 0 0 0 1 -29.5 171.5 12
transform "02" 1 0 0 0 1 0 0 0 1 74 182.5 12
transform "OBJ01" 1 0 0 0 1 0 0 0 1 -69.7656 201.1746 7
transform "kyles" -0.1327 0.9911 0.0122 -0.9716 -0.1276 -0.1994 -0.1961 -0.0383 0.9798 -59.5402 167.4169 37.1446
top -112.5567 165.7542 145.5636 164.2689

frame 73
transform "01" 1 0 0 0 1 0 0 0 1 -29.5 171.5 12
transform "02" 1 0 0 0 1 0 0 0 1 74 182.5 12
transform "OBJ01" 1 0 0 0 1 0 0 0 1 -69.7656 201.1746 7
transform "kyles" -0.146 0.9891 0.0181 -0.9735 -0.1404 -0.1803 -0.1758 -0.0439 0.9834 -59.8168 167.3943 36.8215
top -112.5567 165.7542 145.5636 164.2689

frame 74
transform "01" 1 0 0 0 1 0 0 0 1 -29.5 171.5 12
transform "02" 1 0 0 0 1 0 0 0 1 74 182.5 12
transform "OBJ01" 1 0 0 0 1 0 0 0 1 -69.7656 201.1746 7
transform "kyles" -0.159 0.987 0.0243 -0.9751 -0.1531 -0.1605 -0.1547 -0.0493 0.9867 -60.1182 167.3406 36.4257
top -112.5567 165.7542 145.5636 164.2689

frame 75
transform "01" 1 0 0 0 1 0 0 0 1 -29.5 171.5 12
transform "02" 1 0 0 0 1 0 0 0 1 74 182.5 12
transform "OBJ01" 1 0 0 0 1 0 0 0 1 -69.7656 201.1746 7
transform "kyles" -0.1716 0.9847 0.0309 -0.9762 -0.1657 -0.14 -0.1328 -0.0542 0.9897 -60.4323 167.2625 35.9706
top -112.5567 165.7542 145.5636 164.2689

frame 76
transform "01" 1 0 0 0 1 0 0 0 1 -29.5 171.5 12
transform "02" 1 0 0 0 1 0 0 0 1 74 182.5 12
transform "OBJ01" 1 0 0 0 1 0 0 0 1 -69.7656 201.1746 7
transform "kyles" -0.1838 0.9822 0.0379 -0.9768 -0.1782 -0.119 -0.1102 -0.0589 0.9922 -60.7468 167.1667 35.47
top -112.5567 165.7542 145.5636 164.2689

frame 77
transform "01" 1 0 0 0 1 0 0 0 1 -29.5 171.5 12
transform "02" 1 0 0 0 1 0 0 0 1 74 182.5 12
transform "OBJ01" 1 0 0 0 1 0 0 0 1 -69.7656 201.1746 7
transform "kyles" -0.1957 0.9796 0.0451 -0.9768 -0.1906 -0.0976 -0.087 -0.0632 0.9942 -61.0496 167.0598 34.9372
top -112.5567 165.7542 145.5636 164.2689

frame 78
transform "01" 1 0 0 0 1 0 0 0 1 -29.5 171.5 12
transform "02" 1 0 0 0 1 0 0 0 1 74 182.5 12
transform "OBJ01" 1 0 0 0 1 0 0 0 1 -69.7656 201.1746 7
transform "kyles" -0.2071 0.9769 0.0526 -0.9763 -0.2029 -0.0759 -0.0635 -0.0671 0.9957 -61.3285 166.9485 34.3861
top -112.5567 165.7542 145.5636 164.2689

frame 79
transform "01" 1 0 0 0 1 0 0 0 1 -29.5 171.5 12
transform "02" 1 0 0 0 1 0 0 0 1 74 182.5 12
transform "OBJ01" 1 0 0 0 1 0 0 0 1 -69.7656 201.1746 7
transform "kyles" -0.218 0.9741 0.0604 -0.9751 -0.2149 -0.054 -0.0396 -0.0706 0.9967 -61.5712 166.8395 33.8301
top -112.5567 165.7542 145.5636 164.2689

frame 80
transform "01" 1 0 0 0 1 0 0 0 1 -29.5 171.5 12
transform "02" 1 0 0 0 1 0 0 0 1 74 182.5 12
transform "OBJ01" 1 0 0 0 1 0 0 0 1 -69.7656 201.1746 7
transform "kyles" -0.2286 0.9711 0.0683 -0.9734 -0.2269 -0.032 -0.0156 -0.0738 0.9971 -61.7655 166.7395 33.2829
top -112.5567 165.7542 145.5636 164.2689

frame 81
transform "01" 1 0 0 0 1 0 0 0 1 -29.5 171.5 12
transform "02" 1 0 0 0 1 0 0 0 1 74 182.5 12
transform "OBJ01" 1 0 0 0 1 0 0 0 1 -69.7656 201.1746 7
transform "kyles" -0.2386 0.9681 0.0765 -0.9711 -0.2386 -0.0101 0.0084 -0.0767 0.997 -61.8992 166.655 32.7582
top -112.5567 165.7542 145.5636 164.2689

frame 82
transform "01" 1 0 0 0 1 0 0 0 1 -29.5 171.5 12
transform "02" 1 0 0 0 1 0 0 0 1 74 182.5 12
transform "OBJ01" 1 0 0 0 1 0 0 0 1 -69.7656 201.1746 7
transform "kyles" -0.2483 0.965 0.0847 -0.9682 -0.2501 0.0116 0.0324 -0.0791 0.9963 -61.9942 166.5743 32.2369
top -112.5567 165.7542 145.5636 164.2689

frame 83
transform "01" 1 0 0 0 1 0 0 0 1 -29.5 171.5 12
transform "02" 1 0 0 0 1 0 0 0 1 74 182.5 12
transform "OBJ01" 1 0 0 0 1 0 0 0 1 -69.7656 201.1746 7
transform "kyles" -0.2574 0.9618 0.0931 -0.9647 -0.2614 0.033 0.0561 -0.0813 0.9951 -62.08 166.4828 31.6943
top -112.5567 165.7542 145.5636 164.2689

frame 84
transform "01" 1 0 0 0 1 0 0 0 1 -29.5 171.5 12
transform "02" 1 0 0 0 1 0 0 0 1 74 182.5 12
transform "OBJ01" 1 0 0 0 1 0 0 0 1 -69.7656 201.1746 7
transform "kyles" -0.2662 0.9586 0.1015 -0.9606 -0.2725 0.0541 0.0795 -0.0831 0.9934 -62.1555 166.3839 31.1358
top -112.5567 165.7542 145.5636 164.2689

frame 85
transform "01" 1 0 0 0 1 0 0 0 1 -29.5 171.5 12
transform "02" 1 0 0 0 1 0 0 0 1 74 182.5 12
transform "OBJ01" 1 0 0 0 1 0 0 0 1 -69.7656 201.1746 7
transform "kyles" -0.2744 0.9553 0.1099 -0.9561 -0.2833 0.0746 0.1024 -0.0846 0.9911 -62.2195 166.2806 30.5671
top -112.5567 165.7542 145.5636 164.2689

frame 86
transform "01" 1 0 0 0 1 0 0 0 1 -29.5 171.5 12
transform "02" 1 0 0 0 1 0 0 0 1 74 182.5 12
transform "OBJ01" 1 0 0 0 1 0 0 0 1 -69.7656 201.1746 7
transform "kyles" -0.2823 0.952 0.1182 -0.9512 -0.2938 0.0945 0.1247 -0.0858 0.9885 -62.271 166.1761 29.9934
top -112.5567 165.7542 145.5636 164.2689

frame 87
transform "01" 1 0 0 0 1 0 0 0 1 -29.5 171.5 12
transform "02" 1 0 0 0 1 0 0 0 1 74 182.5 12
transform "OBJ01" 1 0 0 0 1 0 0 0 1 -69.7656 201.1746 7
transform "kyles" -0.2898 0.9487 0.1265 -0.9459 -0.3041 0.1136 0.1463 -0.0867 0.9854 -62.3088 166.0734 29.4205
top -112.5567 165.7542 145.5636 164.2689

frame 88
transform "01" 1 0 0 0 1 0 0 0 1 -29.5 171.5 12
transform "02" 1 0 0 0 1 0 0 0 1 74 182.5 12
transform "OBJ01" 1 0 0 0 1 0 0 0 1 -69.7656 201.1746 7
transform "kyles" -0.2969 0.9454 0.1347 -0.9402 -0.314 0.132 0.167 -0.0874 0.9821 -62.3318 165.9758 28.8536
top -112.5567 165.7542 145.5636 164.2689

frame 89
transform "01" 1 0 0 0 1 0 0 0 1 -29.5 171.5 12
transform "02" 1 0 0 0 1 0 0 0 1 74 182.5 12
transform "OBJ01" 1 0 0 0 1 0 0 0 1 -69.7656 201.1746 7
transform "kyles" -0.3036 0.9421 0.1426 -0.9343 -0.3237 0.1493 0.1868 -0.0879 0.9784 -62.3387 165.8864 28.2984
top -112.5567 165.7542 145.5636 164.2689

frame 90
transform "01" 1 0 0 0 1 0 0 0 1 -29.5 171.5 12
transform "02" 1 0 0 0 1 0 0 0 1 74 182.5 12
transform "OBJ01" 1 0 0 0 1 0 0 0 1 -69.7656 201.1746 7
transform "kyles" -0.31 0.9388 0.1504 -0.9283 -0.333 0.1657 0.2056 -0.0883 0.9746 -62.3284 165.8083 27.7604
top -112.5567 165.7542 145.5636 164.2689

frame 91
transform "01" 1 0 0 0 1 0 0 0 1 -29.5 171.5 12
transform "02" 1 0 0 0 1 0 0 0 1 74 182.5 12
transform "OBJ01" 1 0 0 0 1 0 0 0 1 -69.7656 201.1746 7
transform "kyles" -0.316 0.9355 0.1579 -0.9221 -0.342 0.1809 0.2232 -0.0884 0.9708 -62.2997 165.7447 27.245
top -112.5567 165.7542 145.5636 164.2689

frame 92
transform "01" 1 0 0 0 1 0 0 0 1 -29.5 171.5 12
transform "02" 1 0 0 0 1 0 0 0 1 74 182.5 12
transform "OBJ01" 1 0 0 0 1 0 0 0 1 -69.7656 201.1746 7
transform "kyles" -0.3219 0.9323 0.165 -0.916 -0.3507 0.1948 0.2395 -0.0885 0.9668 -62.2512 165.6987 26.7579
top -112.5567 165.7542 145.5636 164.2689

frame 93
transform "01" 1 0 0 0 1 0 0 0 1 -29.5 171.5 12
transform "02" 1 0 0 0 1 0 0 0 1 74 182.5 12
transform "OBJ01" 1 0 0 0 1 0 0 0 1 -69.7656 201.1746 7
transform "kyles" -0.3274 0.9291 0.1719 -0.91 -0.3591 0.2075 0.2545 -0.0884 0.963 -62.1819 165.6734 26.3044
top -112.5567 165.7542 145.5636 164.2689

frame 94
transform "01" 1 0 0 0 1 0 0 0 1 -29.5 171.5 12
transform "02" 1 0 0 0 1 0 0 0 1 74 182.5 12
transform "OBJ01" 1 0 0 0 1 0 0 0 1 -69.7656 201.1746 7
transform "kyles" -0.3328 0.926 0.1783 -0.9041 -0.3671 0.2188 0.268 -0.0884 0.9593 -62.0903 165.672 25.8901
top -112.5567 165.7542 145.5636 164.2689

frame 95
transform "01" 1 0 0 0 1 0 0 0 1 -29.5 171.5 12
transform "02" 1 0 0 0 1 0 0 0 1 74 182.5 12
transform "OBJ01" 1 0 0 0 1 0 0 0 1 -69.7656 201.1746 7
transform "kyles" -0.338 0.9229 0.1842 -0.8985 -0.3747 0.2286 0.28 -0.0883 0.9559 -61.9754 165.6977 25.5206
top -112.5567 165.7542 145.5636 164.2689

frame 96
transform "01" 1 0 0 0 1 0 0 0 1 -29.5 171.5 12
transform "02" 1 0 0 0 1 0 0 0 1 74 182.5 12
transform "OBJ01" 1 0 0 0 1 0 0 0 1 -69.7656 201.1746 7
transform "kyles" -0.3426 0.9201 0.1896 -0.8934 -0.3815 0.2371 0.2905 -0.0882 0.9528 -61.8424 165.7466 25.1829
top -112.5567 165.7542 145.5636 164.2689

frame 97
transform "01" 1 0 0 0 1 0 0 0 1 -29.5 171.5 12
transform "02" 1 0 0 0 1 0 0 0 1 74 182.5 12
transform "OBJ01" 1 0 0 0 1 0 0 0 1 -69.7656 201.1746 7
transform "kyles" -0.3462 0.9178 0.1944 -0.889 -0.3871 0.2445 0.2997 -0.0882 0.95 -61.6978 165.8117 24.8602
top -112.5567 165.7542 145.5636 164.2689

frame 98
transform "01" 1 0 0 0 1 0 0 0 1 -29.5 171.5 12
transform "02" 1 0 0 0 1 0 0 0 1 74 182.5 12
transform "OBJ01" 1 0 0 0 1 0 0 0 1 -69.7656 201.1746 7
transform "kyles" -0.3488 0.9159 0.1986 -0.8853 -0.3916 0.2509 0.3075 -0.0883 0.9474 -61.5424 165.8912 24.5526
top -112.5567 165.7542 145.5636 164.2689

frame 99
transform "01" 1 0 0 0 1 0 0 0 1 -29.5 171.5 12
transform "02" 1 0 0 0 1 0 0 0 1 74 182.5 12
transform "OBJ01" 1 0 0 0 1 0 0 0 1 -69.7656 201.1746 7
transform "kyles" -0.3507 0.9144 0.2021 -0.8822 -0.395 0.2563 0.3142 -0.0884 0.9452 -61.3768 165.9832 24.2598
top -112.5567 165.7542 145.5636 164.2689

frame 100
transform "01" 1 0 0 0 1 0 0 0 1 -29.5 171.5 12
transform "02" 1 0 0 0 1 0 0 0 1 74 182.5 12
transform "OBJ01" 1 0 0 0 1 0 0 0 1 -69.7656 201.1746 7
transform "kyles" -0.3518 0.9134 0.205 -0.8798 -0.3974 0.2608 0.3196 -0.0886 0.9434 -61.2016 166.0859 23.9818
top -112.5567 165.7542 145.5636 164.2689

frame 101
transform "01" 1 0 0 0 1 0 0 0 1 -29.5 171.5 12
transform "02" 1 0 0 0 1 0 0 0 1 74 182.5 12
transform "OBJ01" 1 0 0 0 1 0 0 0 1 -69.7656 201.1746 7
transform "kyles" -0.3522 0.9127 0.2073 -0.8781 -0.3989 0.2643 0.3239 -0.0889 0.9419 -61.0176 166.1976 23.7183
top -112.5567 165.7542 145.5636 164.2689

frame 102
transform "01" 1 0 0 0 1 0 0 0 1 -29.5 171.5 12
transform "02" 1 0 0 0 1 0 0 0 1 74 182.5 12
transform "OBJ01" 1 0 0 0 1 0 0 0 1 -69.7656 201.1746 7
transform "kyles" -0.3522 0.9123 0.209 -0.8769 -0.3997 0.2669 0.327 -0.0893 0.9408 -60.8255 166.3166 23.4692
top -112.5567 165.7542 145.5636 164.2689

frame 103
transform "01" 1 0 0 0 1 0 0 0 1 -29.5 171.5 12
transform "02" 1 0 0 0 1 0 0 0 1 74 182.5 12
transform "OBJ01" 1 0 0 0 1 0 0 0 1 -69.7656 201.1746 7
transform "kyles" -0.3516 0.9123 0.2101 -0.8764 -0.3997 0.2687 0.3291 -0.0896 0.94 -60.626 166.4411 23.2344
top -112.5567 165.7542 145.5636 164.2689

frame 104
transform "01" 1 0 0 0 1 0 0 0 1 -29.5 171.5 12
transform "02" 1 0 0 0 1 0 0 0 1 74 182.5 12
transform "OBJ01" 1 0 0 0 1 0 0 0 1 -69.7656 201.1746 7
transform "kyles" -0.3507 0.9125 0.2106 -0.8764 -0.3991 0.2696 0.3301 -0.09 0.9396 -60.4199 166.5694 23.0136
top -112.5567 165.7542 145.5636 164.2689

frame 105
transform "01" 1 0 0 0 1 0 0 0 1 -29.5 171.5 12
transform "02" 1 0 0 0 1 0 0 0 1 74 182.5 12
transform "OBJ01" 1 0 0 0 1 0 0 0 1 -69.7656 201.1746 7
transform "kyles" -0.3495 0.9129 0.2106 -0.8769 -0.398 0.2697 0.3301 -0.0904 0.9396 -60.208 166.6996 22.8066
top -112.5567 165.7542 145.5636 164.2689

frame 106
transform "01" 1 0 0 0 1 0 0 0 1 -29.5 171.5 12
transform "02" 1 0 0 0 1 0 0 0 1 74 182.5 12
transform "OBJ01" 1 0 0 0 1 0 0 0 1 -69.7656 201.1746 7
transform "kyles" -0.3481 0.9136 0.2101 -0.8778 -0.3964 0.269 0.329 -0.0908 0.9399 -59.991 166.8302 22.6133
top -112.5567 165.7542 145.5636 164.2689

frame 107
transform "01" 1 0 0 0 1 0 0 0 1 -29.5 171.5 12
transform "02" 1 0 0 0 1 0 0 0 1 74 182.5 12
transform "OBJ01" 1 0 0 0 1 0 0 0 1 -69.7656 201.1746 7
transform "kyles" -0.3466 0.9144 0.209 -0.8792 -0.3944 0.2675 0.3271 -0.091 0.9406 -59.7697 166.9595 22.4333
top -112.5567 165.7542 145.5636 164.2689

frame 108
transform "01" 1 0 0 0 1 0 0 0 1 -29.5 171.5 12
transform "02" 1 0 0 0 1 0 0 0 1 74 182.5 12
transform "OBJ01" 1 0 0 0 1 0 0 0 1 -69.7656 201.1746 7
transform "kyles" -0.345 0.9154 0.2075 -0.8809 -0.3921 0.2652 0.3241 -0.0913 0.9416 -59.5449 167.0856 22.2666
top -112.5567 165.7542 145.5636 164.2689

frame 109
transform "01" 1 0 0 0 1 0 0 0 1 -29.5 171.5 12
transform "02" 1 0 0 0 1 0 0 0 1 74 182.5 12
transform "OBJ01" 1 0 0 0 1 0 0 0 1 -69.7656 201.1746 7
transform "kyles" -0.3434 0.9165 0.2055 -0.8829 -0.3896 0.2622 0.3203 -0.0914 0.9429 -59.3174 167.2068 22.1128
top -112.5567 165.7542 145.5636 164.2689

frame 110
transform "01" 1 0 0 0 1 0 0 0 1 -29.5 171.5 12
transform "02" 1 0 0 0 1 0 0 0 1 74 182.5 12
transform "OBJ01" 1 0 0 0 1 0 0 0 1 -69.7656 201.1746 7
transform "kyles" -0.3419 0.9176 0.203 -0.8852 -0.3869 0.2584 0.3156 -0.0913 0.9445 -59.088 167.3215 21.9718
top -112.5567 165.7542 145.5636 164.2689

frame 111
transform "01" 1 0 0 0 1 0 0 0 1 -29.5 171.5 12
transform "02" 1 0 0 0 1 0 0 0 1 74 182.5 12
transform "OBJ01" 1 0 0 0 1 0 0 0 1 -69.7656 201.1746 7
transform "kyles" -0.3405 0.9187 0.2 -0.8877 -0.3842 0.2538 0.3101 -0.0911 0.9463 -58.8575 167.4279 21.8434
top -112.5567 165.7542 145.5636 164.2689

frame 112
transform "01" 1 0 0 0 1 0 0 0 1 -29.5 171.5 12
transform "02" 1 0 0 0 1 0 0 0 1 74 182.5 12
transform "OBJ01" 1 0 0 0 1 0 0 0 1 -69.7656 201.1746 7
transform "kyles" -0.3393 0.9199 0.1967 -0.8903 -0.3816 0.2486 0.3037 -0.0908 0.9484 -58.6267 167.5243 21.7273
top -112.5567 165.7542 145.5636 164.2689

frame 113
transform "01" 1 0 0 0 1 0 0 0 1 -29.5 171.5 12
transform "02" 1 0 0 0 1 0 0 0 1 74 182.5 12
transform "OBJ01" 1 0 0 0 1 0 0 0 1 -69.7656 201.1746 7
transform "kyles" -0.3385 0.921 0.1929 -0.893 -0.3791 0.2426 0.2966 -0.0902 0.9507 -58.3964 167.609 21.6234
top -112.5567 165.7542 145.5636 164.2689

frame 114
transform "01" 1 0 0 0 1 0 0 0 1 -29.5 171.5 12
transform "02" 1 0 0 0 1 0 0 0 1 74 182.5 12
transform "OBJ01" 1 0 0 0 1 0 0 0 1 -69.7656 201.1746 7
transform "kyles" -0.338 0.922 0.1888 -0.8958 -0.3767 0.2359 0.2887 -0.0893 0.9533 -58.1674 167.6802 21.5314
top -112.5567 165.7542 145.5636 164.2689

frame 115
transform "01" 1 0 0 0 1 0 0 0 1 -29.5 171.5 12
transform "02" 1 0 0 0 1 0 0 0 1 74 182.5 12
transform "OBJ01" 1 0 0 0 1 0 0 0 1 -69.7656 201.1746 7
transform "kyles" -0.338 0.9229 0.1842 -0.8985 -0.3747 0.2286 0.28 -0.0883 0.9559 -57.9406 167.7361 21.4513
top -112.5567 165.7542 145.5636 164.2689

frame 116
transform "01" 1 0 0 0 1 0 0 0 1 -29.5 171.5 12
transform "02" 1 0 0 0 1 0 0 0 1 74 182.5 12
transform "OBJ01" 1 0 0 0 1 0 0 0 1 -69.7656 201.1746 7
transform "kyles" -0.3385 0.9238 0.1788 -0.9015 -0.3728 0.2197 0.2696 -0.0869 0.959 -57.7065 167.7789 21.392
top -112.5567 165.7542 145.5636 164.2689

frame 117
transform "01" 1 0 0 0 1 0 0 0 1 -29.5 171.5 12
transform "02" 1 0 0 0 1 0 0 0 1 74 182.5 12
transform "OBJ01" 1 0 0 0 1 0 0 0 1 -69.7656 201.1746 7
transform "kyles" -0.3392 0.9248 0.1723 -0.905 -0.3708 0.2085 0.2567 -0.0852 0.9627 -57.457 167.8123 21.361
top -112.5567 165.7542 145.5636 164.2689

frame 118
transform "01" 1 0 0 0 1 0 0 0 1 -29.5 171.5 12
transform "02" 1 0 0 0 1 0 0 0 1 74 182.5 12
transform "OBJ01" 1 0 0 0 1 0 0 0 1 -69.7656 201.1746 7
transform "kyles" -0.3402 0.9258 0.1646 -0.9088 -0.3687 0.1953 0.2416 -0.0832 0.9668 -57.1946 167.8369 21.3555
top -112.5567 165.7542 145.5636 164.2689

frame 119
transform "01" 1 0 0 0 1 0 0 0 1 -29.5 171.5 12
transform "02" 1 0 0 0 1 0 0 0 1 74 182.5 12
transform "OBJ01" 1 0 0 0 1 0 0 0 1 -69.7656 201.1746 7
transform "kyles" -0.3414 0.9269 0.156 -0.9128 -0.3665 0.1803 0.2243 -0.0809 0.9711 -56.9221 167.8536 21.3728
top -112.5567 165.7542 145.5636 164.2689

frame 120
transform "01" 1 0 0 0 1 0 0 0 1 -29.5 171.5 12
transform "02" 1 0 0 0 1 0 0 0 1 74 182.5 12
transform "OBJ01" 1 0 0 0 1 0 0 0 1 -69.7656 201.1746 7
transform "kyles" -0.3425 0.928 0.1466 -0.9168 -0.3642 0.1638 0.2054 -0.0783 0.9755 -56.6419 167.8631 21.4101
top -112.5567 165.7542 145.5636 164.2689

frame 121
transform "01" 1 0 0 0 1 0 0 0 1 -29.5 171.5 12
transform "02" 1 0 0 0 1 0 0 0 1 74 182.5 12
transform "OBJ01" 1 0 0 0 1 0 0 0 1 -69.7656 201.1746 7
transform "kyles" -0.3435 0.9292 0.1364 -0.9208 -0.3618 0.1459 0.1849 -0.0755 0.9798 -56.3566 167.8662 21.4646
top -112.5567 165.7542 145.5636 164.2689

frame 122
transform "01" 1 0 0 0 1 0 0 0 1 -29.5 171.5 12
transform "02" 1 0 0 0 1 0 0 0 1 74 182.5 12
transform "OBJ01" 1 0 0 0 1 0 0 0 1 -69.7656 201.1746 7
transform "kyles" -0.3443 0.9304 0.1257 -0.9245 -0.3593 0.127 0.1633 -0.0725 0.9839 -56.0688 167.8637 21.5335
top -112.5567 165.7542 145.5636 164.2689

frame 123
transform "01" 1 0 0 0 1 0 0 0 1 -29.5 171.5 12
transform "02" 1 0 0 0 1 0 0 0 1 74 182.5 12
transform "OBJ01" 1 0 0 0 1 0 0 0 1 -69.7656 201.1746 7
transform "kyles" -0.3448 0.9317 0.1145 -0.9281 -0.3566 0.1073 0.1408 -0.0693 0.9876 -55.7809 167.8563 21.6141
top -112.5567 165.7542 145.5636 164.2689

frame 124
transform "01" 1 0 0 0 1 0 0 0 1 -29.5 171.5 12
transform "02" 1 0 0 0 1 0 0 0 1 74 182.5 12
transform "OBJ01" 1 0 0 0 1 0 0 0 1 -69.7656 201.1746 7
transform "kyles" -0.3449 0.933 0.103 -0.9312 -0.3539 0.087 0.1176 -0.0659 0.9909 -55.4953 167.8447 21.7036
top -112.5567 165.7542 145.5636 164.2689

frame 125
transform "01" 1 0 0 0 1 0 0 0 1 -29.5 171.5 12
transform "02" 1 0 0 0 1 0 0 0 1 74 182.5 12
transform "OBJ01" 1 0 0 0 1 0 0 0 1 -69.7656 201.1746 7
transform "kyles" -0.3446 0.9343 0.0913 -0.934 -0.351 0.0665 0.0942 -0.0624 0.9936 -55.2143 167.8297 21.7991
top -112.5567 165.7542 145.5636 164.2689

frame 126
transform "01" 1 0 0 0 1 0 0 0 1 -29.5 171.5 12
transform "02" 1 0 0 0 1 0 0 0 1 74 182.5 12
transform "OBJ01" 1 0 0 0 1 0 0 0 1 -69.7656 201.1746 7
transform "kyles" -0.3437 0.9357 0.0796 -0.9364 -0.3479 0.046 0.0707 -0.0587 0.9958 -54.9402 167.8121 21.8979
top -112.5567 165.7542 145.5636 164.2689

frame 127
transform "01" 1 0 0 0 1 0 0 0 1 -29.5 171.5 12
transform "02" 1 0 0 0 1 0 0 0 1 74 182.5 12
transform "OBJ01" 1 0 0 0 1 0 0 0 1 -69.7656 201.1746 7
transform "kyles" -0.3424 0.9371 0.068 -0.9384 -0.3447 0.0257 0.0475 -0.055 0.9974 -54.6752 167.7926 21.9973
top -112.5567 165.7542 145.5636 164.2689

frame 128
transform "01" 1 0 0 0 1 0 0 0 1 -29.5 171.5 12
transform "02" 1 0 0 0 1 0 0 0 1 74 182.5 12
transform "OBJ01" 1 0 0 0 1 0 0 0 1 -69.7656 201.1746 7
transform "kyles" -0.3404 0.9386 0.0566 -0.9399 -0.3413 0.006 0.025 -0.0512 0.9984 -54.4215 167.7718 22.0945
