frame 0
transform "kyles" 1 0 0 0 1 0 0 0 1 384.2956 503.8025 -6.7119
frame 1
transform "kyles" 1 0 -0.0039 0 1 0 0.0039 0 1 384.2987 503.8025 -6.513999999999999
frame 2
transform "kyles" 1 0 -0.0084 0 1 0 0.0084 0 1 384.3024 503.8025 -6.3184
frame 3
transform "kyles" 0.9999 0 -0.0132 0 1 0 0.0132 0 0.9999 384.3065 503.8025 -6.130699999999999
frame 4
transform "kyles" 0.9998 0 -0.0182 0 1 0 0.0182 0 0.9998 384.3107 503.8025 -5.956799999999999
frame 5
transform "kyles" 0.9997 0 -0.0229 0 1 0 0.0229 0 0.9997 384.3149 503.8025 -5.8024
frame 6
transform "kyles" 0.9996 0 -0.0272 0 1 0 0.0272 0 0.9996 384.3188 503.8025 -5.673299999999999
frame 7
transform "kyles" 0.9995 0 -0.0308 0 1 0 0.0308 0 0.9995 384.3221 503.8025 -5.5753
frame 8
transform "kyles" 0.9994 0 -0.0335 0 1 0 0.0335 0 0.9994 384.3246 503.8025 -5.513999999999999
frame 9
transform "kyles" 0.9994 0 -0.0349 0 1 0 0.0349 0 0.9994 384.3259 503.8025 -5.4953
frame 10
transform "kyles" 0.9994 0 -0.0349 0 1 0 0.0349 0 0.9994 384.3258 503.8025 -5.525
frame 11
transform "kyles" 0.9994 0.0016 -0.0337 -0.0016 1 0.0013 0.0337 -0.0012 0.9994 384.3481 503.7573 -5.6553
frame 12
transform "kyles" 0.9995 0.0058 -0.0318 -0.0056 1 0.0046 0.0319 -0.0044 0.9995 384.4062 503.6416 -5.9095
frame 13
transform "kyles" 0.9995 0.0114 -0.0292 -0.0111 0.9999 0.0089 0.0293 -0.0086 0.9995 384.4845 503.4858 -6.249499999999999
frame 14
transform "kyles" 0.9995 0.0173 -0.0256 -0.017 0.9998 0.0136 0.0259 -0.0132 0.9996 384.5674 503.32 -6.6372
frame 15
transform "kyles" 0.9995 0.0225 -0.0211 -0.0222 0.9996 0.0177 0.0215 -0.0172 0.9996 384.6393 503.1744 -7.0344
frame 16
transform "kyles" 0.9995 0.0259 -0.0157 -0.0256 0.9995 0.0203 0.0162 -0.0199 0.9997 384.6843 503.0791 -7.403
frame 17
transform "kyles" 0.9996 0.0264 -0.0091 -0.0262 0.9994 0.0206 0.0097 -0.0204 0.9997 384.6866 503.0642 -7.704599999999999
frame 18
transform "kyles" 0.9997 0.0229 -0.0015 -0.0229 0.9996 0.0179 0.0019 -0.0178 0.9998 384.6306 503.1599 -7.901199999999999
frame 19
transform "kyles" 0.9999 0.0144 0.0073 -0.0145 0.9998 0.0112 -0.0071 -0.0113 0.9999 384.5009 503.396 -7.954700000000001
frame 20
transform "kyles" 0.9998 0 0.0175 0 1 0 -0.0175 0 0.9998 384.2823 503.8025 -7.827500000000001
frame 21
transform "kyles" 0.9994 -0.0186 0.0298 0.019 0.9997 -0.0153 -0.0295 0.0158 0.9994 384.0358 504.3364 -7.5434
frame 22
transform "kyles" 0.9983 -0.0387 0.0446 0.0402 0.9986 -0.0332 -0.0433 0.0349 0.9985 383.8233 504.9313 -7.161300000000001
frame 23
transform "kyles" 0.9963 -0.0601 0.0617 0.0635 0.9966 -0.0532 -0.0583 0.0569 0.9967 383.6319 505.5827 -6.696400000000001
frame 24
transform "kyles" 0.9933 -0.0828 0.0807 0.0888 0.9932 -0.0747 -0.074 0.0813 0.9939 383.4488 506.2857 -6.164199999999999
frame 25
transform "kyles" 0.9892 -0.1063 0.1012 0.1162 0.9885 -0.0971 -0.0897 0.1079 0.9901 383.261 507.0356 -5.579800000000001
frame 26
transform "kyles" 0.9838 -0.1308 0.1229 0.1455 0.982 -0.1201 -0.105 0.136 0.9851 383.0557 507.8279 -4.958299999999999
frame 27
transform "kyles" 0.977 -0.1559 0.1453 0.1766 0.9738 -0.143 -0.1192 0.1653 0.979 382.8196 508.6581 -4.3147
frame 28
transform "kyles" 0.9689 -0.1816 0.1681 0.2093 0.9638 -0.1653 -0.132 0.1953 0.9718 382.5395 509.5215 -3.663599999999999
frame 29
transform "kyles" 0.9594 -0.2079 0.1908 0.2434 0.9518 -0.1866 -0.1428 0.2254 0.9637 382.2018 510.4139 -3.0198
frame 30
transform "kyles" 0.9485 -0.2348 0.2129 0.2785 0.938 -0.2065 -0.1512 0.2552 0.955 381.7928 511.331 -2.3977
frame 31
transform "kyles" 0.9362 -0.2621 0.234 0.3144 0.9223 -0.2247 -0.157 0.284 0.9459 381.2989 512.2689 -1.811699999999998
frame 32
transform "kyles" 0.9227 -0.2902 0.2537 0.3508 0.9049 -0.2409 -0.1597 0.3113 0.9368 380.706 513.2236 -1.2761
frame 33
transform "kyles" 0.9081 -0.3189 0.2715 0.3874 0.886 -0.2548 -0.1593 0.3366 0.9281 380.0001 514.1913 -0.8050999999999995
frame 34
transform "kyles" 0.8923 -0.3485 0.2868 0.4237 0.8657 -0.2664 -0.1555 0.3592 0.9202 379.1671 515.1682 -0.412700000000001
frame 35
transform "kyles" 0.8756 -0.3791 0.2992 0.4597 0.8443 -0.2754 -0.1482 0.3787 0.9136 378.1928 516.1508 -0.1128999999999998
frame 36
transform "kyles" 0.8572 -0.4116 0.3094 0.4961 0.8213 -0.2818 -0.1381 0.3951 0.9082 377.0306 517.1022 0.1000000000000014
frame 37
transform "kyles" 0.8362 -0.4465 0.3184 0.5338 0.7958 -0.2858 -0.1258 0.409 0.9038 375.6642 518 0.2469000000000001
frame 38
transform "kyles" 0.8125 -0.4832 0.3261 0.5722 0.768 -0.2878 -0.1114 0.4204 0.9005 374.125 518.8621 0.3363000000000014
frame 39
transform "kyles" 0.7862 -0.521 0.3325 0.6106 0.7376 -0.2882 -0.0951 0.4296 0.898 372.4441 519.706 0.3766999999999996
frame 40
transform "kyles" 0.7573 -0.5593 0.3373 0.6486 0.7048 -0.2874 -0.077 0.4364 0.8965 370.652 520.5495 0.3764000000000003
frame 41
transform "kyles" 0.7259 -0.5976 0.3405 0.6854 0.6697 -0.2859 -0.0572 0.441 0.8957 368.7792 521.4103 0.3434999999999988
frame 42
transform "kyles" 0.6924 -0.6352 0.3422 0.7206 0.6323 -0.2843 -0.0358 0.4434 0.8956 366.8557 522.3062 0.2862000000000009
frame 43
transform "kyles" 0.6569 -0.6717 0.3423 0.7538 0.5931 -0.2829 -0.013 0.4439 0.896 364.9114 523.2554 0.2119999999999998
frame 44
transform "kyles" 0.62 -0.7066 0.341 0.7845 0.5522 -0.2821 0.0111 0.4425 0.8967 362.9757 524.2759 0.1285999999999987
frame 45
transform "kyles" 0.5819 -0.7395 0.3384 0.8124 0.51 -0.2826 0.0364 0.4393 0.8976 361.0777 525.3862 0.04329999999999856
frame 46
transform "kyles" 0.5433 -0.77 0.3345 0.8372 0.4671 -0.2845 0.0629 0.4346 0.8984 359.2465 526.6052 -0.03669999999999974
frame 47
transform "kyles" 0.5046 -0.7979 0.3297 0.8586 0.4238 -0.2884 0.0904 0.4287 0.8989 357.5108 527.9521 -0.1046000000000014
frame 48
transform "kyles" 0.4664 -0.823 0.3242 0.8765 0.3806 -0.2946 0.119 0.4216 0.8989 355.8992 529.4461 -0.1535000000000011
frame 49
transform "kyles" 0.4293 -0.8452 0.3183 0.8908 0.3382 -0.3033 0.1487 0.4138 0.8982 354.4403 531.1071 -0.1767000000000003
frame 50
transform "kyles" 0.3939 -0.8645 0.3122 0.9015 0.297 -0.3149 0.1795 0.4054 0.8963 353.1626 532.9554 -0.1676000000000002
frame 51
transform "kyles" 0.3609 -0.8811 0.3056 0.9082 0.2577 -0.3298 0.2118 0.3966 0.8932 351.9372 534.9383 -0.1006999999999998
frame 52
transform "kyles" 0.3305 -0.8954 0.2984 0.9112 0.2204 -0.348 0.2458 0.387 0.8887 350.6384 536.9965 0.03379999999999938
frame 53
transform "kyles" 0.3022 -0.9078 0.2907 0.9108 0.185 -0.3691 0.2813 0.3763 0.8828 349.2997 539.1404 0.2188000000000016
frame 54
transform "kyles" 0.2755 -0.9189 0.2825 0.9072 0.1513 -0.3925 0.3179 0.3644 0.8753 347.9548 541.3794 0.4375999999999998
frame 55
transform "kyles" 0.2498 -0.9287 0.274 0.9008 0.1191 -0.4177 0.3553 0.3511 0.8663 346.6377 543.7231 0.6736000000000004
frame 56
transform "kyles" 0.2245 -0.9377 0.2651 0.8916 0.0879 -0.4441 0.3932 0.3361 0.8558 345.3823 546.1808 0.9100000000000002
frame 57
transform "kyles" 0.1992 -0.9459 0.256 0.88 0.0577 -0.4714 0.4312 0.3192 0.8439 344.2225 548.7612 1.130199999999998
frame 58
transform "kyles" 0.1731 -0.9535 0.2468 0.8661 0.0281 -0.499 0.4689 0.3002 0.8307 343.1925 551.4729 1.317499999999999
frame 59
transform "kyles" 0.1458 -0.9604 0.2377 0.8502 -0.0012 -0.5264 0.5059 0.2788 0.8163 342.3262 554.3242 1.455300000000001
frame 60
transform "kyles" 0.1165 -0.9665 0.2286 0.8324 -0.0305 -0.5533 0.5418 0.2548 0.801 341.6575 557.3229 1.526700000000002
frame 61
transform "kyles" 0.0848 -0.9718 0.2198 0.813 -0.0601 -0.5792 0.5761 0.2278 0.785 341.2205 560.4769 1.5151
frame 62
transform "kyles" 0.0501 -0.9761 0.2115 0.792 -0.0902 -0.6038 0.6084 0.1977 0.7686 341.0489 563.7934 1.4038
frame 63
transform "kyles" 0.0119 -0.979 0.2037 0.7698 -0.1211 -0.6267 0.6382 0.1642 0.7521 341.1762 567.2792 1.176100000000002
frame 64
transform "kyles" -0.0304 -0.98 0.1966 0.7463 -0.1531 -0.6477 0.6649 0.1271 0.7361 341.636 570.9407 0.8155000000000001
frame 65
transform "kyles" -0.077 -0.9787 0.1904 0.7218 -0.1865 -0.6666 0.6878 0.0861 0.7207 342.4614 574.7841 0.3055999999999983
frame 66
transform "kyles" -0.1289 -0.9745 0.1839 0.6944 -0.2211 -0.6848 0.7079 0.0394 0.7052 343.5241 579.0582 -0.3488000000000006
frame 67
transform "kyles" -0.186 -0.9666 0.1764 0.6626 -0.2559 -0.7039 0.7255 -0.014 0.6881 344.6928 583.93 -1.1266
frame 68
transform "kyles" -0.2471 -0.9542 0.1687 0.6266 -0.2901 -0.7233 0.7391 -0.073 0.6696 345.9962 589.2821 -2.019400000000001
frame 69
transform "kyles" -0.311 -0.9366 0.1614 0.5866 -0.3227 -0.7428 0.7478 -0.1363 0.6498 347.4623 594.9984 -3.018699999999999
frame 70
transform "kyles" -0.3764 -0.9134 0.155 0.5432 -0.3531 -0.7617 0.7505 -0.2025 0.6291 349.1187 600.9637 -4.1152
frame 71
transform "kyles" -0.4418 -0.8845 0.1501 0.4971 -0.3806 -0.7798 0.7468 -0.2699 0.6078 350.9934 607.0643 -5.299300000000001
frame 72
transform "kyles" -0.506 -0.8499 0.1469 0.449 -0.405 -0.7965 0.7365 -0.3371 0.5865 353.1145 613.1878 -6.560600000000001
frame 73
transform "kyles" -0.5676 -0.8104 0.1456 0.3999 -0.4259 -0.8116 0.7197 -0.4024 0.5658 355.5107 619.2233 -7.888199999999999
frame 74
transform "kyles" -0.6254 -0.7665 0.1463 0.3507 -0.4436 -0.8247 0.697 -0.4645 0.5463 358.2116 625.0606 -9.2707
frame 75
transform "kyles" -0.6786 -0.7193 0.1489 0.3025 -0.4584 -0.8357 0.6693 -0.522 0.5287 361.2478 630.591 -10.6958
frame 76
transform "kyles" -0.7264 -0.67 0.1532 0.2562 -0.4707 -0.8443 0.6378 -0.574 0.5136 364.6513 635.7062 -12.1509
frame 77
transform "kyles" -0.7683 -0.6201 0.1588 0.2127 -0.4813 -0.8503 0.6037 -0.6196 0.5017 368.4551 640.2983 -13.6232
frame 78
transform "kyles" -0.8042 -0.5708 0.1656 0.1727 -0.4911 -0.8538 0.5687 -0.6581 0.4935 372.6936 644.2598 -15.0994
frame 79
transform "kyles" -0.8341 -0.5237 0.173 0.1372 -0.5008 -0.8546 0.5342 -0.6892 0.4896 377.4021 647.483 -16.5662
frame 80
transform "kyles" -0.8583 -0.4803 0.1807 0.1067 -0.5115 -0.8526 0.5019 -0.7125 0.4902 382.6168 649.8603 -18.0107
frame 81
transform "kyles" -0.8782 -0.4397 0.1883 0.0802 -0.5234 -0.8483 0.4716 -0.7298 0.4949 388.2535 651.6128 -19.4479
frame 82
transform "kyles" -0.8952 -0.4005 0.1953 0.0562 -0.5362 -0.8422 0.442 -0.743 0.5026 394.1936 653.0452 -20.9003
frame 83
transform "kyles" -0.9099 -0.3626 0.2015 0.0343 -0.55 -0.8345 0.4134 -0.7524 0.5129 400.4223 654.1747 -22.3666
frame 84
transform "kyles" -0.9225 -0.326 0.2069 0.0144 -0.5647 -0.8252 0.3858 -0.7582 0.5256 406.9245 655.0185 -23.8455
frame 85
transform "kyles" -0.9332 -0.2906 0.2114 -0.0038 -0.5802 -0.8145 0.3593 -0.7609 0.5403 413.6848 655.5933 -25.3358
frame 86
transform "kyles" -0.9424 -0.2565 0.2149 -0.0206 -0.5965 -0.8024 0.3339 -0.7605 0.5568 420.6879 655.9159 -26.8366
frame 87
transform "kyles" -0.9502 -0.2234 0.2173 -0.0362 -0.6134 -0.7889 0.3096 -0.7575 0.5748 427.918 656.0031 -28.3468
frame 88
transform "kyles" -0.9568 -0.1914 0.2188 -0.0509 -0.6308 -0.7743 0.2862 -0.752 0.5938 435.3593 655.8713 -29.8657
frame 89
transform "kyles" -0.9624 -0.1602 0.2192 -0.0648 -0.6485 -0.7585 0.2637 -0.7442 0.6137 442.9958 655.5374 -31.3925
frame 90
transform "kyles" -0.9671 -0.1298 0.2187 -0.0783 -0.6662 -0.7416 0.2419 -0.7343 0.6342 450.8115 655.0178 -32.9265
frame 91
transform "kyles" -0.971 -0.1 0.2172 -0.0915 -0.6839 -0.7238 0.2209 -0.7227 0.6549 458.7901 654.3289 -34.4668
frame 92
transform "kyles" -0.9741 -0.0706 0.2147 -0.1046 -0.7011 -0.7053 0.2004 -0.7095 0.6756 466.9152 653.4872 -36.0128
frame 93
transform "kyles" -0.9765 -0.0416 0.2114 -0.118 -0.7179 -0.6861 0.1803 -0.6949 0.6961 475.1704 652.5091 -37.5638
frame 94
transform "kyles" -0.9782 -0.0126 0.2072 -0.1317 -0.7338 -0.6665 0.1605 -0.6793 0.7161 483.5392 651.4109 -39.1191
frame 95
transform "kyles" -0.9792 0.0163 0.2023 -0.1461 -0.7487 -0.6466 0.1409 -0.6627 0.7355 492.0049 650.2092 -40.6779
frame 96
transform "kyles" -0.9794 0.0455 0.1967 -0.1613 -0.7623 -0.6268 0.1214 -0.6456 0.754 500.5507 648.9202 -42.2396
frame 97
transform "kyles" -0.9788 0.0751 0.1903 -0.1775 -0.7745 -0.6071 0.1018 -0.6281 0.7715 509.1598 647.5599 -43.8034
frame 98
transform "kyles" -0.9774 0.1053 0.1834 -0.1949 -0.7851 -0.5879 0.0821 -0.6104 0.7878 517.8152 646.1451 -45.3685
frame 99
transform "kyles" -0.9749 0.1362 0.176 -0.2137 -0.7937 -0.5695 0.0621 -0.5928 0.8029 526.5001 644.6916 -46.9344
frame 100
transform "kyles" -0.9713 0.1681 0.1681 -0.2341 -0.8002 -0.5521 0.0417 -0.5756 0.8166 535.1969 643.216 -48.5002
