frame 0
transform "kyles" -0.9713 0.1681 0.1681 -0.1588 -0.985 0.0677 0.177 0.0391 0.9834 535.2806 643.7635 -48.5638
frame 1
transform "kyles" 0.9866 -0.1357 0.091 0.1418 0.9878 -0.0647 -0.0811 0.0768 0.9937 526.9177 644.4196 17.5848
frame 2
transform "kyles" 0.9625 -0.2493 0.1065 0.2561 0.9651 -0.0548 -0.0891 0.08 0.9928 520.8565 645.6346 18.773
frame 3
transform "kyles" 0.9356 -0.3317 0.1209 0.3387 0.94 -0.042 -0.0997 0.0802 0.9918 514.6046 646.9169 19.276
frame 4
transform "kyles" 0.9124 -0.3867 0.1341 0.3935 0.9189 -0.0275 -0.1126 0.0779 0.9906 508.1667 648.244 19.1572
frame 5
transform "kyles" 0.8966 -0.418 0.1462 0.4242 0.9055 -0.0123 -0.1273 0.073 0.9892 501.5604 649.5942 18.4785
frame 6
transform "kyles" 0.8895 -0.429 0.1575 0.434 0.9009 0.0031 -0.1433 0.0656 0.9875 494.8129 650.9443 17.3018
frame 7
transform "kyles" 0.8907 -0.4222 0.1682 0.4255 0.9048 0.0183 -0.1599 0.0553 0.9856 487.9585 652.2684 15.6886
frame 8
transform "kyles" 0.899 -0.3999 0.1786 0.4008 0.9156 0.0328 -0.1766 0.0421 0.9834 481.0362 653.5396 13.7008
frame 9
transform "kyles" 0.9121 -0.3639 0.1886 0.3618 0.9311 0.0466 -0.1925 0.0258 0.981 474.0876 654.7294 11.4003
frame 10
transform "kyles" 0.9278 -0.316 0.1984 0.3104 0.9487 0.0595 -0.207 0.0064 0.9783 467.1562 655.81 8.849699999999999
frame 11
transform "kyles" 0.9435 -0.2581 0.2079 0.2485 0.966 0.0715 -0.2193 -0.0158 0.9755 460.2852 656.7537 6.1114
frame 12
transform "kyles" 0.957 -0.1924 0.2171 0.1784 0.9805 0.0829 -0.2288 -0.0406 0.9726 453.5168 657.5344 3.2484
frame 13
transform "kyles" 0.9666 -0.1215 0.2258 0.1026 0.9903 0.0936 -0.235 -0.0673 0.9697 446.8912 658.1268 0.3234999999999992
frame 14
transform "kyles" 0.9711 -0.0481 0.2338 0.0242 0.9943 0.104 -0.2375 -0.0954 0.9667 440.4456 658.507 -2.600000000000002
frame 15
transform "kyles" 0.9702 0.0249 0.2411 -0.0539 0.992 0.1145 -0.2364 -0.1241 0.9637 434.2139 658.6509 -5.4594
frame 16
transform "kyles" 0.9643 0.0946 0.2475 -0.1287 0.9837 0.1253 -0.2316 -0.1527 0.9607 428.2265 658.5348 -8.1915
frame 17
transform "kyles" 0.9545 0.1582 0.2529 -0.1972 0.9707 0.1371 -0.2238 -0.1807 0.9577 422.5109 658.1335 -10.7336
frame 18
transform "kyles" 0.9426 0.2132 0.257 -0.2568 0.9547 0.1501 -0.2134 -0.2075 0.9547 417.0917 657.4214 -13.0227
frame 19
transform "kyles" 0.9308 0.2572 0.2598 -0.3052 0.9379 0.165 -0.2012 -0.2329 0.9515 411.9919 656.3708 -14.9958
frame 20
transform "kyles" 0.9213 0.2882 0.2609 -0.3402 0.9226 0.1821 -0.1882 -0.2565 0.948 407.2341 654.9534 -16.5896
frame 21
transform "kyles" 0.9137 0.3122 0.2602 -0.3679 0.9075 0.2027 -0.1728 -0.281 0.944 402.7397 653.1414 -17.9504
frame 22
transform "kyles" 0.9056 0.3366 0.2581 -0.3955 0.8899 0.2274 -0.1531 -0.308 0.939 398.4151 650.9476 -19.2685
frame 23
transform "kyles" 0.897 0.3612 0.2548 -0.4227 0.8695 0.2555 -0.1292 -0.3369 0.9326 394.2599 648.4033 -20.5454
frame 24
transform "kyles" 0.8877 0.3863 0.2506 -0.4491 0.8463 0.2864 -0.1015 -0.3668 0.9247 390.2734 645.5399 -21.7831
frame 25
transform "kyles" 0.8776 0.4116 0.2459 -0.4743 0.8204 0.3195 -0.0702 -0.397 0.9151 386.455 642.3891 -22.9829
frame 26
transform "kyles" 0.8665 0.4372 0.2409 -0.4978 0.7917 0.354 -0.0359 -0.4266 0.9037 382.804 638.9821 -24.1463
frame 27
transform "kyles" 0.8544 0.463 0.2358 -0.5196 0.7606 0.3892 0.0009 -0.4551 0.8905 379.3196 635.3504 -25.2745
frame 28
transform "kyles" 0.8412 0.489 0.2308 -0.5393 0.7272 0.4246 0.0398 -0.4817 0.8754 376.0008 631.5256 -26.3687
frame 29
transform "kyles" 0.8268 0.515 0.2262 -0.5568 0.692 0.4595 0.0801 -0.5059 0.8589 372.8466 627.539 -27.4295
frame 30
transform "kyles" 0.8112 0.541 0.2221 -0.5721 0.6553 0.4932 0.1213 -0.5271 0.8411 369.8559 623.4223 -28.4576
frame 31
transform "kyles" 0.7943 0.5668 0.2186 -0.5853 0.6177 0.5252 0.1626 -0.5451 0.8224 367.0273 619.2067 -29.4535
frame 32
transform "kyles" 0.7763 0.5923 0.2157 -0.5966 0.5798 0.5549 0.2036 -0.5595 0.8034 364.3597 614.9235 -30.4174
frame 33
transform "kyles" 0.7571 0.6174 0.2136 -0.6062 0.542 0.5821 0.2436 -0.5701 0.7846 361.8517 610.6039 -31.3491
frame 34
transform "kyles" 0.7369 0.6419 0.2121 -0.6144 0.5051 0.6061 0.282 -0.5769 0.7666 359.5018 606.2792 -32.2485
frame 35
transform "kyles" 0.7156 0.6658 0.2112 -0.6218 0.4695 0.6268 0.3181 -0.5798 0.75 357.3086 601.9803 -33.1151
frame 36
transform "kyles" 0.6935 0.689 0.2108 -0.6289 0.436 0.6438 0.3516 -0.579 0.7356 355.2707 597.738 -33.9484
frame 37
transform "kyles" 0.6705 0.7113 0.2108 -0.6361 0.4049 0.6568 0.3818 -0.5745 0.724 353.3865 593.5832 -34.7476
frame 38
transform "kyles" 0.647 0.7327 0.211 -0.644 0.3769 0.6657 0.4083 -0.5666 0.7157 351.6544 589.5466 -35.5118
frame 39
transform "kyles" 0.6229 0.7532 0.2112 -0.6532 0.3523 0.6702 0.4304 -0.5554 0.7115 350.0729 585.6588 -36.2399
frame 40
transform "kyles" 0.5986 0.7728 0.211 -0.6642 0.3316 0.67 0.4478 -0.5412 0.7118 348.6401 581.9506 -36.931
frame 41
transform "kyles" 0.5736 0.7918 0.2097 -0.6771 0.3142 0.6655 0.461 -0.5237 0.7163 347.586 578.2438 -37.6187
frame 42
transform "kyles" 0.5477 0.8108 0.2066 -0.6913 0.2994 0.6576 0.4714 -0.503 0.7244 347.0966 574.3715 -38.3205
frame 43
transform "kyles" 0.5209 0.8295 0.2015 -0.7068 0.2868 0.6467 0.4787 -0.4793 0.7357 347.1042 570.3796 -39.0109
frame 44
transform "kyles" 0.4934 0.8478 0.1944 -0.7235 0.276 0.6328 0.4828 -0.4528 0.7495 347.5411 566.3146 -39.6646
frame 45
transform "kyles" 0.4653 0.8655 0.1852 -0.7412 0.2666 0.6161 0.4838 -0.424 0.7656 348.3394 562.2231 -40.2564
frame 46
transform "kyles" 0.4369 0.8825 0.1741 -0.7597 0.2584 0.5968 0.4817 -0.393 0.7833 349.4312 558.1512 -40.7611
frame 47
transform "kyles" 0.4083 0.8986 0.161 -0.7788 0.2508 0.575 0.4763 -0.3601 0.8022 350.7487 554.1455 -41.1538
frame 48
transform "kyles" 0.3796 0.9136 0.146 -0.7982 0.2436 0.5509 0.4677 -0.3256 0.8217 352.224 550.2521 -41.4098
frame 49
transform "kyles" 0.351 0.9274 0.1292 -0.8178 0.2364 0.5247 0.4561 -0.2898 0.8414 353.7893 546.5172 -41.5044
frame 50
transform "kyles" 0.3227 0.94 0.1109 -0.8372 0.2289 0.4966 0.4414 -0.2531 0.8609 355.3768 542.9868 -41.4131
frame 51
transform "kyles" 0.295 0.9512 0.0911 -0.8563 0.2208 0.4669 0.424 -0.2157 0.8796 356.9187 539.707 -41.1114
frame 52
transform "kyles" 0.2678 0.9609 0.0701 -0.8747 0.2119 0.4359 0.404 -0.178 0.8973 358.3476 536.7234 -40.5753
frame 53
transform "kyles" 0.2413 0.9693 0.0482 -0.8922 0.202 0.4039 0.3817 -0.1405 0.9136 359.596 534.0821 -39.7804
frame 54
transform "kyles" 0.2156 0.9761 0.0257 -0.9087 0.191 0.3711 0.3573 -0.1033 0.9282 360.5966 531.8281 -38.7026
frame 55
transform "kyles" 0.1908 0.9816 0.0028 -0.924 0.1786 0.338 0.3313 -0.0671 0.9411 361.473 529.9228 -37.2721
frame 56
transform "kyles" 0.1669 0.9858 -0.0201 -0.938 0.165 0.305 0.3039 -0.032 0.9522 362.3875 528.2817 -35.471
frame 57
transform "kyles" 0.1439 0.9887 -0.0427 -0.9504 0.1501 0.2724 0.2757 0.0014 0.9612 363.3311 526.8821 -33.3536
frame 58
transform "kyles" 0.1217 0.9905 -0.0647 -0.9614 0.1338 0.2406 0.2469 0.0329 0.9685 364.295 525.701 -30.9741
frame 59
transform "kyles" 0.1002 0.9913 -0.0857 -0.9708 0.1163 0.21 0.2181 0.0621 0.9739 365.2704 524.7157 -28.3865
frame 60
transform "kyles" 0.0795 0.9913 -0.1054 -0.9786 0.0977 0.181 0.1897 0.0888 0.9778 366.2487 523.903 -25.645
frame 61
transform "kyles" 0.0592 0.9906 -0.1234 -0.985 0.078 0.1539 0.1621 0.1125 0.9803 367.2216 523.2399 -22.8036
frame 62
transform "kyles" 0.0392 0.9894 -0.1396 -0.99 0.0574 0.1292 0.1358 0.1331 0.9818 368.1808 522.7034 -19.9162
frame 63
transform "kyles" 0.0202 0.9886 -0.1491 -0.9941 0.0359 0.1028 0.1069 0.1461 0.9835 369.1111 522.2645 -17.0522
frame 64
transform "kyles" 0.003 0.9888 -0.1492 -0.9973 0.0138 0.072 0.0732 0.1486 0.9862 369.9988 521.8959 -14.2744
frame 65
transform "kyles" -0.0129 0.9897 -0.1423 -0.9992 -0.0074 0.0389 0.0375 0.1427 0.9891 370.8373 521.578 -11.627
frame 66
transform "kyles" -0.0274 0.991 -0.1308 -0.9996 -0.0269 0.0059 0.0024 0.131 0.9914 371.6199 521.2918 -9.1544
frame 67
transform "kyles" -0.0404 0.9923 -0.1169 -0.9987 -0.0436 -0.0246 -0.0295 0.1158 0.9928 372.3388 521.0185 -6.901199999999999
frame 68
transform "kyles" -0.0517 0.9934 -0.1027 -0.9971 -0.057 -0.0501 -0.0556 0.0998 0.9934 372.9852 520.7389 -4.911899999999999
frame 69
transform "kyles" -0.0605 0.9941 -0.0905 -0.9954 -0.0668 -0.068 -0.0736 0.0859 0.9936 373.5499 520.4333 -3.230899999999998
frame 70
transform "kyles" -0.0664 0.9944 -0.0823 -0.9945 -0.0727 -0.0756 -0.0811 0.0768 0.9937 374.0226 520.0822 -1.9023
frame 71
transform "kyles" -0.07 0.9946 -0.0766 -0.9943 -0.0758 -0.0752 -0.0806 0.0709 0.9942 374.4003 519.7446 -0.8979999999999997
frame 72
transform "kyles" -0.0725 0.9949 -0.0704 -0.9945 -0.0775 -0.0709 -0.076 0.0649 0.995 374.692 519.4883 -0.1429000000000009
frame 73
transform "kyles" -0.074 0.9952 -0.0639 -0.9949 -0.0781 -0.0634 -0.0681 0.0588 0.9959 374.9062 519.3051 0.3886000000000003
frame 74
transform "kyles" -0.0746 0.9956 -0.0571 -0.9956 -0.0777 -0.0532 -0.0574 0.0529 0.997 375.0513 519.1867 0.7220000000000013
frame 75
transform "kyles" -0.0744 0.996 -0.0502 -0.9962 -0.0764 -0.0407 -0.0443 0.047 0.9979 375.1358 519.125 0.8829999999999991
frame 76
transform "kyles" -0.0733 0.9964 -0.0433 -0.9969 -0.0745 -0.0264 -0.0295 0.0412 0.9987 375.1683 519.1118 0.8974000000000011
frame 77
transform "kyles" -0.0716 0.9968 -0.0365 -0.9973 -0.0721 -0.0109 -0.0135 0.0356 0.9993 375.1573 519.139 0.7908000000000008
frame 78
transform "kyles" -0.0693 0.9971 -0.0299 -0.9976 -0.0692 0.0052 0.0031 0.0302 0.9995 375.1115 519.1982 0.5890999999999984
frame 79
transform "kyles" -0.0666 0.9975 -0.0238 -0.9976 -0.0661 0.0215 0.0199 0.0252 0.9995 375.0397 519.2813 0.3177999999999983
frame 80
transform "kyles" -0.0636 0.9978 -0.0181 -0.9973 -0.0629 0.0374 0.0362 0.0204 0.9991 374.9505 519.38 0.00280000000000058
frame 81
transform "kyles" -0.0604 0.9981 -0.013 -0.9968 -0.0597 0.0523 0.0515 0.0161 0.9985 374.8527 519.4861 -0.3303000000000012
frame 82
transform "kyles" -0.0572 0.9983 -0.0086 -0.9962 -0.0565 0.0658 0.0653 0.0123 0.9978 374.7552 519.5916 -0.6555999999999997
frame 83
transform "kyles" -0.0541 0.9985 -0.0049 -0.9956 -0.0536 0.0773 0.077 0.0091 0.997 374.6671 519.6879 -0.9473999999999982
frame 84
transform "kyles" -0.0513 0.9987 -0.0021 -0.995 -0.051 0.0863 0.0861 0.0066 0.9963 374.597 519.767 -1.180199999999999
frame 85
transform "kyles" -0.049 0.9988 -0.0003 -0.9945 -0.0488 0.0922 0.0921 0.0048 0.9957 374.5539 519.8205 -1.328099999999999
frame 86
transform "kyles" -0.0472 0.9989 0.0006 -0.9944 -0.0471 0.0945 0.0944 0.0039 0.9955 374.5467 519.8403 -1.365400000000001
frame 87
transform "kyles" -0.0469 0.9989 -0.0004 -0.9946 -0.0467 0.0931 0.093 0.0048 0.9957 374.558 519.8375 -1.3351
frame 88
transform "kyles" -0.0486 0.9988 -0.0038 -0.9949 -0.0481 0.0889 0.0886 0.0081 0.996 374.5646 519.8298 -1.298100000000002
frame 89
transform "kyles" -0.0518 0.9986 -0.0091 -0.9953 -0.0509 0.082 0.0814 0.0133 0.9966 374.5672 519.8185 -1.256
frame 90
transform "kyles" -0.056 0.9983 -0.0161 -0.9958 -0.0547 0.073 0.072 0.0201 0.9972 374.5659 519.8052 -1.2103
frame 91
transform "kyles" -0.0608 0.9979 -0.0243 -0.9963 -0.0592 0.0622 0.0606 0.028 0.9978 374.5613 519.7917 -1.162600000000001
frame 92
transform "kyles" -0.0658 0.9973 -0.0334 -0.9967 -0.0641 0.05 0.0477 0.0365 0.9982 374.5538 519.7792 -1.1145
frame 93
transform "kyles" -0.0705 0.9966 -0.0429 -0.9969 -0.069 0.0368 0.0337 0.0453 0.9984 374.5438 519.7693 -1.067699999999998
frame 94
transform "kyles" -0.0746 0.9958 -0.0524 -0.997 -0.0734 0.023 0.0191 0.054 0.9984 374.532 519.7632 -1.023900000000001
frame 95
transform "kyles" -0.0775 0.9951 -0.0616 -0.997 -0.0771 0.0091 0.0043 0.0622 0.9981 374.5191 519.7623 -0.9846000000000004
frame 96
transform "kyles" -0.0791 0.9944 -0.07 -0.9968 -0.0796 -0.0048 -0.0104 0.0694 0.9975 374.5058 519.7676 -0.9516999999999988
frame 97
transform "kyles" -0.0788 0.9939 -0.0771 -0.9966 -0.0805 -0.0182 -0.0243 0.0754 0.9969 374.4932 519.7805 -0.9268999999999998
frame 98
transform "kyles" -0.0765 0.9937 -0.0825 -0.9964 -0.0792 -0.0307 -0.037 0.0799 0.9961 374.4821 519.8019 -0.9117999999999994
frame 99
transform "kyles" -0.0717 0.9937 -0.0858 -0.9963 -0.0755 -0.042 -0.0482 0.0824 0.9954 374.4735 519.8332 -0.9083000000000006
frame 100
transform "kyles" -0.0641 0.9942 -0.0864 -0.9963 -0.0687 -0.0518 -0.0574 0.0827 0.9949 374.4685 519.8758 -0.9179999999999992
frame 101
transform "kyles" -0.0535 0.995 -0.0839 -0.9965 -0.0586 -0.0595 -0.0641 0.0804 0.9947 374.4681 519.9311 -0.9426999999999986
frame 102
transform "kyles" -0.0394 0.9962 -0.0779 -0.9969 -0.0445 -0.0649 -0.0681 0.0751 0.9948 374.473 520.001 -0.9838999999999984
frame 103
transform "kyles" -0.0216 0.9974 -0.068 -0.9974 -0.0262 -0.0673 -0.0689 0.0664 0.9954 374.484 520.0877 -1.043299999999998
frame 104
transform "kyles" 0.0005 0.9986 -0.0522 -0.9978 -0.003 -0.066 -0.0661 0.0521 0.9965 374.4962 520.1884 -1.128499999999999
frame 105
transform "kyles" 0.0269 0.9992 -0.0295 -0.9978 0.0251 -0.0606 -0.0598 0.0311 0.9977 374.5038 520.3004 -1.242799999999999
frame 106
transform "kyles" 0.0576 0.9983 -0.0012 -0.997 0.0575 -0.0513 -0.0512 0.0041 0.9987 374.5057 520.4266 -1.3813
frame 107
transform "kyles" 0.0922 0.9952 0.0313 -0.9949 0.0934 -0.0382 -0.0409 -0.0276 0.9988 374.5011 520.5701 -1.538799999999998
frame 108
transform "kyles" 0.1306 0.9892 0.0665 -0.991 0.1322 -0.0215 -0.0301 -0.0631 0.9976 374.4895 520.7334 -1.710000000000001
frame 109
transform "kyles" 0.1722 0.9796 0.1031 -0.9849 0.1733 -0.0017 -0.0195 -0.1013 0.9947 374.4706 520.9188 -1.889199999999999
frame 110
transform "kyles" 0.2167 0.9662 0.1396 -0.9762 0.2159 0.0209 -0.0099 -0.1408 0.99 374.4449 521.1276 -2.070699999999999
frame 111
transform "kyles" 0.2634 0.9487 0.1747 -0.9647 0.2595 0.0456 -0.002 -0.1805 0.9836 374.4134 521.3601 -2.248799999999999
frame 112
transform "kyles" 0.3118 0.9273 0.207 -0.9502 0.3034 0.0718 0.0037 -0.2191 0.9757 374.3775 521.616 -2.418099999999999
frame 113
transform "kyles" 0.361 0.9023 0.2356 -0.9326 0.3474 0.0984 0.007 -0.2552 0.9669 374.3391 521.8936 -2.5734
frame 114
transform "kyles" 0.4103 0.8743 0.2593 -0.9119 0.391 0.1246 0.0075 -0.2876 0.9577 374.3 522.1904 -2.7102
frame 115
transform "kyles" 0.459 0.8439 0.2776 -0.8884 0.4342 0.1492 0.0054 -0.3151 0.9491 374.2626 522.5031 -2.8244
frame 116
transform "kyles" 0.5066 0.8121 0.2897 -0.8622 0.4768 0.171 0.0007 -0.3364 0.9417 374.2289 522.8279 -2.9129
frame 117
transform "kyles" 0.5522 0.7796 0.2953 -0.8337 0.5189 0.1889 -0.006 -0.3505 0.9365 374.2011 523.1607 -2.972899999999999
frame 118
transform "kyles" 0.599 0.7447 0.2944 -0.8006 0.5637 0.2031 -0.0147 -0.3573 0.9339 374.1654 523.507 -3.0043
frame 119
transform "kyles" 0.6487 0.7046 0.2876 -0.7606 0.6128 0.2145 -0.0252 -0.3579 0.9334 374.1125 523.8753 -3.0109
frame 120
transform "kyles" 0.6996 0.6591 0.276 -0.7136 0.6641 0.2228 -0.0365 -0.3528 0.935 374.0505 524.2647 -2.996600000000001
frame 121
transform "kyles" 0.7495 0.6086 0.2604 -0.6603 0.7156 0.2278 -0.0477 -0.3427 0.9382 373.9873 524.6732 -2.965900000000002
frame 122
transform "kyles" 0.7969 0.5535 0.242 -0.6013 0.7653 0.2295 -0.0582 -0.3284 0.9427 373.9298 525.0973 -2.923300000000001
frame 123
transform "kyles" 0.8403 0.4947 0.2217 -0.538 0.8115 0.228 -0.0671 -0.3108 0.9481 373.884 525.5319 -2.873899999999999
frame 124
transform "kyles" 0.8786 0.4334 0.2006 -0.4718 0.8529 0.2235 -0.0742 -0.291 0.9538 373.8545 525.9705 -2.822099999999999
frame 125
transform "kyles" 0.9111 0.3711 0.1795 -0.4046 0.8885 0.2167 -0.0791 -0.27 0.9596 373.844 526.405 -2.7726
frame 126
transform "kyles" 0.9375 0.3094 0.1594 -0.3382 0.9177 0.2082 -0.0819 -0.2491 0.965 373.8535 526.8263 -2.729500000000002
frame 127
transform "kyles" 0.9579 0.2501 0.1409 -0.2749 0.9407 0.199 -0.0828 -0.2294 0.9698 373.8821 527.2247 -2.696300000000001
frame 128
transform "kyles" 0.9728 0.1952 0.1246 -0.2165 0.9576 0.1902 -0.0822 -0.212 0.9738 373.9275 527.5903 -2.675899999999998
frame 129
transform "kyles" 0.983 0.1464 0.1109 -0.1649 0.9692 0.1828 -0.0808 -0.198 0.9769 373.9856 527.913 -2.6709
frame 130
transform "kyles" 0.9894 0.1054 0.1003 -0.1221 0.9764 0.1782 -0.0791 -0.1885 0.9789 374.0518 528.1833 -2.683299999999999
frame 131
transform "kyles" 0.9929 0.074 0.0929 -0.0896 0.9801 0.1774 -0.0779 -0.1844 0.9797 374.1212 528.3922 -2.715
frame 132
transform "kyles" 0.9948 0.0505 0.0879 -0.0657 0.9814 0.1801 -0.0772 -0.185 0.9797 374.189 528.5482 -2.7699
frame 133
transform "kyles" 0.996 0.032 0.0838 -0.0472 0.9815 0.1853 -0.0763 -0.1885 0.9791 374.2526 528.6668 -2.848400000000002
frame 134
transform "kyles" 0.9966 0.0183 0.0806 -0.0335 0.9807 0.1926 -0.0756 -0.1946 0.978 374.3104 528.7493 -2.947399999999998
frame 135
transform "kyles" 0.9969 0.0087 0.0782 -0.0244 0.9792 0.2017 -0.0748 -0.2029 0.9763 374.3615 528.7972 -3.0639
frame 136
transform "kyles" 0.9971 0.0029 0.0765 -0.0192 0.977 0.2122 -0.0741 -0.213 0.9742 374.4052 528.812 -3.195
frame 137
transform "kyles" 0.9971 0.0005 0.0755 -0.0175 0.9745 0.2239 -0.0734 -0.2246 0.9717 374.4412 528.7952 -3.337900000000001
frame 138
transform "kyles" 0.9972 0.0011 0.0751 -0.0188 0.9715 0.2364 -0.0727 -0.2371 0.9688 374.4691 528.7486 -3.489899999999998
frame 139
transform "kyles" 0.9971 0.0041 0.0753 -0.0228 0.9682 0.2493 -0.0719 -0.2503 0.9655 374.4889 528.6736 -3.648
frame 140
transform "kyles" 0.9971 0.0091 0.0761 -0.0288 0.9645 0.2624 -0.0711 -0.2638 0.962 374.5006 528.572 -3.8094
frame 141
transform "kyles" 0.9969 0.0157 0.0774 -0.0365 0.9607 0.2752 -0.0701 -0.2772 0.9583 374.5041 528.4453 -3.9712
frame 142
transform "kyles" 0.9966 0.0234 0.0791 -0.0453 0.9567 0.2875 -0.069 -0.2901 0.9545 374.4994 528.2951 -4.1303
frame 143
transform "kyles" 0.9962 0.0318 0.0811 -0.0548 0.9527 0.2989 -0.0678 -0.3023 0.9508 374.4864 528.1229 -4.2836
frame 144
transform "kyles" 0.9957 0.0405 0.0834 -0.0644 0.9488 0.3092 -0.0666 -0.3132 0.9473 374.4648 527.9304 -4.4279
frame 145
transform "kyles" 0.9951 0.049 0.0857 -0.0739 0.9453 0.3179 -0.0654 -0.3227 0.9443 374.4345 527.7188 -4.559900000000001
frame 146
transform "kyles" 0.9945 0.0569 0.0879 -0.0826 0.9422 0.3248 -0.0643 -0.3302 0.9417 374.395 527.4897 -4.6762
frame 147
transform "kyles" 0.9939 0.0637 0.0899 -0.0901 0.9398 0.3296 -0.0635 -0.3357 0.9398 374.3459 527.2447 -4.7736
frame 148
transform "kyles" 0.9934 0.0692 0.0915 -0.0959 0.9384 0.332 -0.0629 -0.3386 0.9388 374.2868 526.9849 -4.848599999999999
frame 149
transform "kyles" 0.993 0.0727 0.0925 -0.0996 0.9381 0.3317 -0.0627 -0.3386 0.9388 374.2172 526.7118 -4.8978
frame 150
transform "kyles" 0.9929 0.074 0.0929 -0.1007 0.9391 0.3284 -0.063 -0.3355 0.9399 374.1366 526.4269 -4.917999999999999
frame 151
transform "kyles" 0.9929 0.074 0.0929 -0.1001 0.9423 0.3195 -0.0639 -0.3266 0.943 374.0258 526.0868 -4.877700000000001
frame 152
transform "kyles" 0.9929 0.074 0.0929 -0.099 0.9477 0.3033 -0.0656 -0.3104 0.9483 373.8703 525.6553 -4.758699999999999
frame 153
transform "kyles" 0.9929 0.074 0.0929 -0.0975 0.9548 0.2809 -0.0679 -0.288 0.9552 373.6766 525.1448 -4.5777
frame 154
transform "kyles" 0.9929 0.074 0.0929 -0.0955 0.9626 0.2535 -0.0707 -0.2606 0.9629 373.4511 524.5678 -4.3512
frame 155
transform "kyles" 0.9929 0.074 0.0929 -0.0931 0.9706 0.2221 -0.0738 -0.2292 0.9706 373.2007 523.9368 -4.0959
frame 156
transform "kyles" 0.9929 0.074 0.0929 -0.0905 0.978 0.1881 -0.077 -0.1952 0.9777 372.9315 523.2641 -3.828399999999998
frame 157
transform "kyles" 0.9929 0.074 0.0929 -0.0877 0.9844 0.1527 -0.0802 -0.1598 0.9839 372.6504 522.562 -3.565200000000001
frame 158
transform "kyles" 0.9929 0.074 0.0929 -0.0847 0.9895 0.1172 -0.0833 -0.1243 0.9887 372.3637 521.8427 -3.322500000000002
frame 159
transform "kyles" 0.9929 0.074 0.0929 -0.0818 0.9932 0.083 -0.0862 -0.09 0.9922 372.078 521.1182 -3.116499999999998
frame 160
transform "kyles" 0.9929 0.074 0.0929 -0.079 0.9956 0.0513 -0.0887 -0.0583 0.9944 371.7999 520.4006 -2.9634
frame 161
transform "kyles" 0.9929 0.074 0.0929 -0.0765 0.9968 0.0236 -0.0909 -0.0305 0.9954 371.5358 519.702 -2.879100000000001
frame 162
transform "kyles" 0.9929 0.074 0.0929 -0.0741 0.9972 -0.0022 -0.0928 -0.0047 0.9957 371.1923 518.765 -2.854099999999999
frame 163
transform "kyles" 0.9929 0.074 0.0929 -0.0718 0.9971 -0.027 -0.0947 0.0202 0.9953 370.8409 517.7963 -2.888100000000002
frame 164
transform "kyles" 0.9929 0.074 0.0929 -0.0697 0.9964 -0.0484 -0.0962 0.0416 0.9945 370.4828 516.798 -2.973700000000001
frame 165
transform "kyles" 0.9929 0.074 0.0929 -0.0682 0.9956 -0.0638 -0.0972 0.057 0.9936 370.1194 515.7722 -3.103200000000001
frame 166
transform "kyles" 0.9929 0.074 0.0929 -0.0676 0.9952 -0.0707 -0.0977 0.0639 0.9932 369.752 514.7213 -3.269200000000002
frame 167
transform "kyles" 0.9929 0.074 0.0929 -0.0678 0.9954 -0.0681 -0.0975 0.0613 0.9933 369.3903 513.673 -3.4591
frame 168
transform "kyles" 0.9929 0.074 0.0929 -0.0688 0.9959 -0.0583 -0.0969 0.0515 0.994 369.0862 512.7818 -3.633800000000001
frame 169
transform "kyles" 0.9929 0.074 0.0929 -0.0702 0.9966 -0.0438 -0.0959 0.037 0.9947 368.8495 512.0801 -3.7773
frame 170
transform "kyles" 0.9929 0.074 0.0929 -0.0718 0.9971 -0.0269 -0.0946 0.02 0.9953 368.6808 511.5727 -3.883500000000002
frame 171
transform "kyles" 0.9929 0.074 0.0929 -0.0734 0.9973 -0.01 -0.0934 0.0031 0.9956 368.5801 511.2627 -3.9498
frame 172
transform "kyles" 0.9929 0.074 0.0929 -0.0747 0.9972 0.0045 -0.0923 -0.0114 0.9957 368.5474 511.1524 -3.974799999999998
